10000
1069.5
1016.5
1045.5
1139
1048
1015
1047
1143
1106
1033.5
1091.5
1135.5
1050.5
1143.5
1160.5
1039
1101.5
1001
1084
1032
1103
1151.5
1073.5
1017.5
1051
1063
1017
1033
1095.5
1157
1070
1126.5
1031
1100
1138.5
1097.5
1055
1042
1034
1157
1113.5
1128.5
1004.5
1073
1161.5
1153
1115
1195
1035
1139
1093.5
1017.5
1043
1053.5
1015.5
1102
1062.5
1154
1122
1097.5
1042
1088
1017.5
1108
1098.5
1025
1094.5
1075
1162
1106
1081
1051.5
1081
1139
1061.5
1022.5
1069
1044.5
1053.5
1030
1100
1019
1152
1073
1094.5
1147
1008.5
1034.5
1115.5
1086.5
1070.5
1016
1170
1079.5
1098
1144.5
1056
1124
1154.5
1022.5
1133.5
1065
1034.5
1149
1020.5
1149.5
1093
1113
1104.5
1013.5
1099
1118.5
1104
1044
1032.5
1056.5
1096
1119
1070.5
1053.5
1153.5
1010
1017.5
1120.5
1170.5
1077
1134
1147.5
1104.5
1087
1048.5
1177.5
1075.5
1123
1045
1039.5
1115
1086
1085.5
1088.5
1142
1082.5
1003.5
1028.5
1013
1113.5
1023.5
1045
1001.5
1122
1089.5
1108
1151
1073
1044
1157.5
1060
1006
1155.5
1164.5
1095.5
1066.5
1050.5
1069
1169.5
1055
1073
1033.5
1107
1136.5
1101
1136
1046
1020.5
1093.5
1014
1023.5
1068.5
1059.5
1044
1021.5
1017.5
1151.5
1137
1091
1050
1112.5
1025
1088
1055
1076.5
1070.5
1021.5
1104
1014
1031.5
1038
1126
1121.5
1115
1060
1047
1080.5
1007
1147.5
1047
1040
1048
1065.5
1077
1016
1083
1037.5
1068.5
1020.5
1141
1045
1076
1018.5
1047.5
1020.5
1162.5
1111.5
1097.5
1078.5
1042.5
1077
1075.5
1034
1087.5
1064.5
1101
1177
1048
1065
1109
1027
1040.5
1030.5
1034.5
1030
1139
1080
1107.5
1079.5
1141
1111.5
1100
1076.5
1049
1047.5
1060
1087
1098
1129.5
1212.5
1125
1153
1139.5
1030.5
1128
1073.5
1028
1101
1054.5
1020.5
1085.5
1083
1016
1091.5
1094
1052
1128
1034.5
1057.5
1001.5
1030.5
1031.5
1077
1092.5
1036
1162
1024.5
1016.5
1019
1025.5
1101
1105.5
1021
1129.5
1110.5
1066.5
1074.5
1015.5
1073.5
1015
1081
1066
1081.5
1083
1074.5
1141
1058.5
1103.5
1068.5
1157.5
1097
1008.5
1186
1111.5
1019.5
1094
1020.5
1023
1022
1100
1121.5
1094.5
1011
1070.5
1058
1023.5
1112
1125.5
1123
1086.5
1003
1180
1047.5
1111
1120.5
1125
1168.5
1080
1039.5
1006
1020.5
1029
1018
1163
1103
1052
1134
1137
1144.5
1044
1134
1096
1130.5
1028
1132
1096.5
1070.5
1093.5
1067
1056.5
1127.5
1080
1131
1112
1027.5
1011
1164.5
1119
1033.5
1101.5
1003
1140.5
1069.5
1123.5
1057
1129
1121
1067.5
1124.5
1126.5
1163.5
1063
1128
1042
1205.5
1088
1108.5
1138
1040.5
1132
1079.5
1045.5
1146.5
1047.5
1013
1075.5
1119
1032.5
1027
1139.5
1121.5
1100
1169.5
1018
1046.5
1057
1112.5
1054.5
1079
1001
1149
1030.5
1027.5
1154.5
1015.5
1030.5
1103
1101.5
1079
1046
1025
1118
1206.5
1034
1029.5
1087.5
1024.5
1141.5
1057.5
1064
1010
1147.5
1111
1035.5
1091
1122
1048.5
1051.5
1115
1000.5
1117
1160.5
1058
1113.5
1089.5
1154
1108.5
1146
1098
1084
1002.5
1191
1152
1056.5
1046.5
1118
1016.5
1130.5
1166
1120
1077.5
1132.5
1043
1061.5
1072.5
1043
1100.5
1074
1012.5
1015
1090
1114
1080.5
1048
1102
1081.5
1092
1049
1046.5
1054
1128.5
1133
1091
1167.5
1056
1113
1158
1119
1039.5
1113
1023
1009.5
1132.5
1103.5
1080.5
1076
1047
1035.5
1091
1072.5
1059.5
1020
1026.5
1043
1108.5
1121
1141
1066
1053.5
1061.5
1020
1184
1156.5
1164.5
1036.5
1032.5
1042.5
1134
1056.5
1072
1134.5
1110
1109
1112.5
1109.5
1022
1124
1113
1072.5
1045.5
1004.5
1035
1025
1115
1151
1062.5
1142
1064
1008.5
1044.5
1009.5
1049.5
1156
1116
1066.5
1025.5
1024
1033.5
1032
1063.5
1152.5
1129
1123.5
1149.5
1094.5
1109.5
1145
1099.5
1133
1084.5
1027.5
1062
1025.5
1158
1108
1100.5
1041.5
1109.5
1016
1069.5
1029.5
1140.5
1065.5
1106
1127
1004
1035.5
1088
1044
1014
1042
1070.5
1169
1113.5
1034
1116
1065
1010
1126
1024
1024
1041.5
1106.5
1020.5
1071
1049.5
1168.5
1134
1027.5
1112.5
1073.5
1054
1137
1041
1001
1129
1023
1135.5
1027
1065
1061.5
1125
1009.5
1144.5
1014
1048
1148.5
1142.5
1103.5
1049
1026.5
1061.5
1060.5
1079
1102
1157
1052.5
1120
1108.5
1153.5
1075
1059
1063
1136
1080
1134
1009
1013
1078
1090.5
1142.5
1135
1051
1172.5
1171.5
1093
1040.5
1011.5
1015.5
1036
1020
1115.5
1120.5
1014.5
1008.5
1150.5
1069
1104.5
1081
1039.5
1155.5
1057.5
1104.5
1056.5
1068
1033
1027
1070.5
1020
1093.5
1159
1006
1119
1111.5
1057.5
1083
1027
1076
1127.5
1051.5
1029.5
1119.5
1014.5
1064.5
1133.5
1099.5
1163
1051.5
1064
1035.5
1159.5
1118
1163.5
1044.5
1104
1074
1090
1020.5
1110
1086.5
1021
1113
1046.5
1041.5
1140
1090
1036.5
1045.5
1093.5
1074.5
1012.5
1092
1055.5
1066.5
1059
1124.5
1101
1058
1142.5
1046.5
1052
1038.5
1152.5
1067
1093.5
1081.5
1144
1088
1166.5
1040.5
1133
1110
1048
1102.5
1149
1008
1189
1094
1011
1029
1110
1039.5
1095
1062
1108
1106.5
1099.5
1108
1119
1114
1150
1123.5
1005
1076
1135.5
1099
1092
1022.5
1003
1106
1103.5
1048.5
1107
1124.5
1093.5
1055
1034.5
1188
1066.5
1115.5
1142.5
1148
1060
1163
1052.5
1023
1015
1030.5
1083
1055
1117
1048
1041.5
1110.5
1036.5
1057.5
1167.5
1020
1027.5
1004.5
1147
1067
1076.5
1028
1142.5
1005
1104.5
1143.5
1057.5
1101
1024
1068
1085
1079
1066.5
1020.5
1012
1099.5
1174.5
1032.5
1094.5
1076
1110
1132
1061
1080.5
1118
1161
1108
1102
1038
1039.5
1132.5
1019
1025.5
1078
1140.5
1071.5
1009.5
1080.5
1065.5
1149.5
1119
1140.5
1100.5
1019.5
1126.5
1032
1090.5
1016.5
1153
1181
1122
1050.5
1056.5
1098.5
1058.5
1190.5
1055.5
1080
1049
1009.5
1035.5
1081.5
1139.5
1031.5
1058.5
1114
1036.5
1023.5
1109
1097.5
1023
1094
1018
1029
1022
1076.5
1140
1074.5
1043
1077.5
1009
1061
1084
1007.5
1072.5
1095
1120
1097
1131
1050.5
1040.5
1048.5
1038
1040.5
1108.5
1123
1136.5
1097
1093.5
1057.5
1166.5
1135
1023.5
1147
1029
1023.5
1081.5
1011.5
1028
1174.5
1086.5
1105.5
1137
1117.5
1131
1124
1091
1023
1035
1118.5
1088.5
1099
1108
1103
1071.5
1124.5
1091.5
1086
1151.5
1024
1049
1096
1036.5
1087.5
1110.5
1061.5
1097.5
1143
1041
1079.5
1070
1068
1104
1011
1080.5
1040
1073
1124.5
1136.5
1085.5
1039.5
1090.5
1067
1035.5
1079
1035
1150.5
1087
1097
1128.5
1124.5
1034
1121
1009.5
1156
1004.5
1008
1033.5
1048.5
1084.5
1004
1117.5
1115
1161
1024
1036.5
1170.5
1007
1189
1019
1111
1088
1072.5
1061
1146.5
1044
1039.5
1003.5
1020
1112.5
1125
1117
1034.5
1085.5
1130.5
1084
1013.5
1011
1073.5
1004
1124.5
1090
1188
1021
1096
1106
1031.5
1097.5
1069
1113.5
1111
1137
1005
1124.5
1131
1126
1089.5
1112
1049.5
1036
1045.5
1147.5
1074
1046.5
1084
1115.5
1169
1112
1041
1056.5
1133
1156.5
1112.5
1096
1073
1034.5
1051.5
1011
1083
1149.5
1017.5
1100
1118
1077
1084
1205
1056
1143
1117.5
1033.5
1029.5
1156.5
1018
1060.5
1123
1118
1049
1165.5
1148.5
1094.5
1091.5
1011.5
1108
1053.5
1071
1020
1055.5
1132.5
1146.5
1011
1061
1090.5
1051.5
1038
1009.5
1133.5
1049.5
1114.5
1013.5
1031.5
1013
1076.5
1087
1067
1057.5
1081
1103.5
1143.5
1103
1032.5
1042.5
1007
1116
1022
1013.5
1056
1158
1011
1015.5
1145.5
1021.5
1084.5
1019.5
1125.5
1056
1110
1145
1002
1022.5
1111.5
1042.5
1130
1077.5
1082
1005.5
1168.5
1135.5
1030.5
1087
1028
1050.5
1026
1050
1011.5
1022
1014
1114.5
1120.5
1066
1024
1116
1032
1083.5
1019.5
1126.5
1074.5
1112
1088.5
1089
1097.5
1078
1091
1041
1151.5
1115.5
1106.5
1054.5
1119.5
1124
1095
1033
1125.5
1054.5
1082
1109
1108.5
1140.5
1043
1140
1082
1143.5
1103
1110
1098.5
1010
1156.5
1128
1034.5
1099.5
1047.5
1041.5
1102
1062
1000.5
1122
1071
1086.5
1132
1067
1047
1108.5
1051.5
1091
1122.5
1169
1088
1031
1072
1103
1089.5
1022
1014
1088.5
1121.5
1141.5
1101.5
1048.5
1101.5
1069
1192
1044
1028
1106.5
1097.5
1017.5
1030.5
1025.5
1093.5
1018
1079
1162.5
1133.5
1025
1073
1000.5
1090.5
1038.5
1164.5
1130.5
1076.5
1019.5
1073.5
1046
1020
1002.5
1078
1038
1011
1119.5
1064.5
1037
1020.5
1108
1127
1113
1035
1066
1067
1125.5
1118.5
1086
1150
1129.5
1017
1021.5
1064
1091.5
1121.5
1028.5
1133.5
1001
1151
1105
1008
1119.5
1101
1130.5
1069
1054.5
1082
1026
1110
1062.5
1102
1098.5
1078.5
1013.5
1019.5
1047.5
1060
1045
1139
1101
1117
1083
1058
1073.5
1119.5
1172
1068.5
1106.5
1013
1094.5
1022
1046.5
1064
1071
1123
1110.5
1091.5
1085.5
1117.5
1076
1091
1153.5
1053
1010.5
1127
1004
1072.5
1052.5
1148.5
1083.5
1113.5
1029
1033
1077.5
1001.5
1085.5
1044
1044
1033
1020.5
1044
1065.5
1108.5
1168.5
1011.5
1114.5
1080.5
1151.5
1153.5
1149
1061
1046
1060.5
1091.5
1018
1182.5
1062
1041.5
1152.5
1009
1062.5
1083
1107.5
1065
1111.5
1121
1155.5
1094.5
1073
1027.5
1009.5
1025.5
1097
1021.5
1089.5
1046.5
1015
1070.5
1082.5
1059
1007.5
1091
1045
1045.5
1113
1155.5
1055
1098
1100
1080
1034.5
1071
1062
1040.5
1076
1028.5
1094.5
1029.5
1067
1182
1069.5
1080.5
1034.5
1020.5
1047.5
1028
1041
1083.5
1055
1117
1106.5
1058
1136
1120
1061.5
1069.5
1093.5
1074.5
1079.5
1099
1021
1031
1003.5
1086
1033.5
1129.5
1027.5
1028.5
1165
1038.5
1053
1079
1117.5
1027
1024.5
1086.5
1117.5
1016
1082
1004
1034.5
1071.5
1104.5
1177.5
1080
1107.5
1081
1029.5
1033
1094.5
1121.5
1010.5
1025
1032.5
1105.5
1022
1046
1181
1160
1072
1004
1050
1133
1086
1142.5
1170
1088.5
1017
1102.5
1055.5
1052
1010.5
1034
1016
1137.5
1059
1098
1020.5
1081
1035
1023
1008.5
1141.5
1042
1089.5
1031
1037
1013
1063
1113.5
1147
1154.5
1030.5
1013.5
1077
1140.5
1039
1173
1118
1148
1006
1149.5
1011.5
1014.5
1051.5
1042.5
1069
1029.5
1025.5
1069
1150.5
1017
1050.5
1082.5
1087.5
1119
1116.5
1103.5
1130
1071
1031.5
1068.5
1143
1024
1039
1061.5
1105
1074.5
1129.5
1123
1067.5
1022.5
1185
1052.5
1165
1090
1019
1101
1192
1013
1024
1147
1123
1071
1022.5
1157
1140
1102
1099.5
1138.5
1103.5
1049.5
1010
1108
1025.5
1050.5
1039.5
1092
1051.5
1047.5
1043
1125.5
1200
1115
1115
1060.5
1030
1053.5
1009
1152
1020
1102
1150.5
1033.5
1135
1026.5
1005
1145.5
1004
1031
1103
1040.5
1153
1127.5
1150.5
1079
1061.5
1137
1125
1007
1024.5
1113
1102.5
1109.5
1070.5
1062.5
1113
1015.5
1149
1002.5
1052.5
1060.5
1103.5
1100
1139.5
1025
1065
1048.5
1006
1051.5
1092.5
1107
1107
1151
1057.5
1005.5
1035
1001
1122.5
1153.5
1060.5
1013.5
1079
1017.5
1072
1099.5
1072
1112
1089
1025
1043
1064
1117
1071
1016
1107.5
1096.5
1080.5
1067
1056
1062.5
1059
1128
1084.5
1000.5
1087.5
1121.5
1131
1129.5
1132
1082
1040
1138.5
1007
1070.5
1015.5
1131
1039.5
1132.5
1044
1034.5
1084.5
1135.5
1078
1016
1074.5
1034.5
1010
1075.5
1010.5
1038.5
1058.5
1100.5
1017
1080.5
1016
1088
1088
1107
1047
1046.5
1105.5
1064.5
1132.5
1079.5
1115
1082
1083.5
1095.5
1049.5
1120.5
1019.5
1012
1164
1089
1100
1041.5
1113.5
1106
1041
1048.5
1062
1037
1135
1138.5
1110.5
1068.5
1029
1110
1067
1024.5
1022.5
1158
1124
1016.5
1062.5
1119.5
1080.5
1089.5
1119
1076.5
1096.5
1074.5
1171
1146
1010
1038
1098
1101.5
1139.5
1044
1197.5
1082.5
1047.5
1138.5
1021
1100
1049.5
1021.5
1094
1101.5
1116.5
1049
1091.5
1091.5
1138
1065
1052.5
1103.5
1103.5
1132
1091
1055
1111
1082
1114.5
1092.5
1093.5
1023
1068
1025
1050
1159
1046.5
1160.5
1030
1169
1062.5
1082.5
1018
1054
1023
1018.5
1027.5
1018
1011
1136
1055.5
1019.5
1129
1010
1050.5
1059
1048.5
1106
1048.5
1104.5
1020
1106.5
1160.5
1156
1017.5
1110.5
1082.5
1081
1095
1109.5
1139.5
1022
1090.5
1146.5
1026
1120.5
1046
1174
1152
1017.5
1044.5
1000.5
1140
1075.5
1040
1029
1024.5
1045.5
1117
1180.5
1105.5
1150
1142
1053
1038
1170
1055
1094.5
1087
1112.5
1028.5
1050.5
1085.5
1119
1040
1031.5
1094.5
1077.5
1074.5
1037.5
1121
1147.5
1118
1116
1023.5
1054
1031
1002.5
1021.5
1084.5
1105
1143.5
1071.5
1042.5
1023
1014
1047
1140
1031.5
1053.5
1123
1112.5
1134
1077
1074
1106
1179
1028
1119
1070.5
1096
1044.5
1063.5
1071
1035
1053.5
1003.5
1089.5
1072
1076
1074
1128.5
1061
1006.5
1191
1092.5
1028
1072.5
1032.5
1029
1108.5
1141.5
1159
1067
1112
1105
1165.5
1125
1097
1144
1116
1076.5
1158.5
1102
1167.5
1154.5
1024.5
1048
1097.5
1066
1096.5
1071.5
1013
1096
1147.5
1057
1154
1016.5
1138
1076
1020
1036
1135.5
1094.5
1147.5
1069
1019
1050.5
1095.5
1023.5
1023
1089.5
1106.5
1143
1121.5
1087
1157.5
1108.5
1058
1079.5
1090
1088
1047.5
1102.5
1044
1103.5
1091.5
1039
1101.5
1077
1042.5
1164.5
1050
1040.5
1153
1130
1114
1012
1058
1098
1019
1063
1089
1179
1180.5
1062
1090.5
1117.5
1026.5
1059.5
1125.5
1136
1023
1071.5
1101
1088
1018
1120
1085
1136
1180
1059
1045.5
1004.5
1001.5
1071.5
1192
1079.5
1064
1058.5
1061.5
1114.5
1141
1114
1003.5
1148.5
1063
1008.5
1026
1072.5
1093.5
1141.5
1124.5
1018.5
1111
1158.5
1006
1017.5
1044.5
1170.5
1054.5
1044.5
1007
1098
1009
1098.5
1020.5
1055.5
1020
1079.5
1057
1096
1082.5
1083.5
1101.5
1016
1123
1126
1054
1133
1161.5
1024
1048.5
1072
1020
1168
1129
1075.5
1163.5
1078
1133
1022.5
1065
1161.5
1046.5
1017.5
1136
1153.5
1040
1044
1021
1001.5
1038.5
1170.5
1073.5
1160.5
1043
1117
1168.5
1051.5
1134
1079
1076.5
1059
1105.5
1059.5
1092
1147
1020.5
1036
1066
1106
1024.5
1046
1013
1054.5
1176.5
1026.5
1071.5
1016.5
1026.5
1017
1169
1026
1122
1067.5
1077.5
1057.5
1073
1145.5
1016.5
1070
1185
1143
1104
1019.5
1076.5
1107
1084
1159.5
1002.5
1087.5
1019.5
1019
1080
1158
1145.5
1063
1164
1184.5
1114.5
1052
1159
1048.5
1081.5
1057
1051.5
1132.5
1090
1040
1061.5
1056
1070
1164
1132
1006
1125.5
1037
1038.5
1037.5
1102.5
1140
1143.5
1025.5
1039
1168.5
1108.5
1045
1098.5
1125
1163
1102.5
1042.5
1010
1079.5
1011
1126.5
1104.5
1047
1148.5
1035
1014
1063
1066.5
1145
1108.5
1052.5
1143.5
1117.5
1028.5
1160.5
1177.5
1024.5
1009
1165.5
1143.5
1051
1146.5
1121
1100.5
1020.5
1190.5
1153.5
1011
1117.5
1050
1079
1117.5
1069
1022
1020
1132.5
1101
1115.5
1137.5
1102
1113
1035
1088.5
1048
1099.5
1153
1144.5
1075.5
1064.5
1017
1078.5
1174
1098.5
1099
1018
1104
1140.5
1110
1091
1069.5
1105.5
1134.5
1097
1080
1126
1104
1020
1114.5
1044
1155.5
1089.5
1014.5
1107.5
1083.5
1024
1080.5
1120.5
1113
1002.5
1088.5
1139.5
1088.5
1022
1035
1130
1149
1082.5
1123
1023
1034
1047
1019
1134
1113
1021.5
1148
1119
1036
1116
1093
1139
1062.5
1054.5
1096.5
1105
1019
1092
1090.5
1077.5
1122.5
1190
1053
1100.5
1052
1186.5
1093.5
1098
1029.5
1135.5
1104
1060
1022
1152.5
1044.5
1011
1112
1006.5
1066.5
1023.5
1013
1174
1125.5
1085.5
1003.5
1067.5
1159.5
1034
1063
1079
1060.5
1185.5
1003.5
1094.5
1130.5
1023.5
1027
1014.5
1037.5
1002.5
1039
1024
1010
1111.5
1039.5
1014
1112.5
1116.5
1004
1145
1060
1080.5
1008.5
1040
1014
1002.5
1146.5
1017.5
1180.5
1006
1038.5
1124
1105.5
1066.5
1013.5
1170
1074
1011.5
1129.5
1177
1099
1074.5
1027.5
1031.5
1047.5
1075
1043.5
1027
1030.5
1134.5
1056
1060
1155
1073
1118.5
1055
1171
1029.5
1083.5
1046.5
1091
1046.5
1134
1075
1071
1091
1108
1038
1027
1128
1087
1099.5
1078
1151.5
1019.5
1097
1023.5
1038
1002
1092.5
1101
1128
1112.5
1039.5
1041.5
1123
1058
1067
1033
1024.5
1126
1023
1046
1131
1116.5
1035
1151
1090.5
1100.5
1009.5
1052.5
1086
1012
1132
1177.5
1132.5
1135
1116
1035
1182
1141.5
1192.5
1129.5
1068
1032.5
1115
1100
1012.5
1118.5
1010
1096.5
1101
1141
1085
1106
1157
1021.5
1112.5
1123
1134
1148
1171.5
1159.5
1123.5
1048
1070
1096
1141.5
1066.5
1060
1058.5
1022.5
1097
1149
1147
1089.5
1018
1050.5
1097
1107.5
1065.5
1062
1041.5
1049.5
1010.5
1032
1156.5
1063
1141
1112
1043.5
1027.5
1036.5
1081.5
1071
1016
1076
1008.5
1091
1058.5
1029.5
1154.5
1035.5
1098
1011
1042
1057.5
1092
1167.5
1062
1127.5
1107
1107.5
1069
1068
1028
1136.5
1072.5
1089.5
1028
1106.5
1123
1094.5
1084
1095.5
1073
1033
1126
1027.5
1043.5
1022.5
1007
1018
1100.5
1045
1158.5
1034.5
1091
1145.5
1078.5
1155
1055.5
1041.5
1130
1046
1043
1084.5
1054.5
1070.5
1058
1174
1136.5
1035
1076
1037
1100.5
1067.5
1167
1022
1059.5
1036.5
1126
1136.5
1103
1109
1087
1089.5
1095
1155.5
1019.5
1066
1118.5
1005
1050.5
1013.5
1093
1031.5
1095
1082
1079
1030.5
1203
1035
1099
1100.5
1176
1038
1055
1049.5
1084.5
1080
1001
1107
1129
1050.5
1025.5
1048.5
1140.5
1063.5
1173
1084
1012
1077.5
1121
1124
1122.5
1087.5
1106
1058.5
1127
1134
1159.5
1128.5
1049
1070
1155.5
1132.5
1084
1098.5
1157.5
1145
1004.5
1047.5
1118
1085.5
1107
1082.5
1021
1020
1125.5
1059
1093.5
1020
1029.5
1028.5
1101
1113
1139.5
1124.5
1000.5
1078
1069.5
1096
1040
1052
1029.5
1025
1006.5
1008
1079
1127.5
1055
1173
1080.5
1054
1078.5
1074.5
1058.5
1099
1157
1094
1014
1103.5
1045.5
1098
1074.5
1125.5
1086.5
1112.5
1134.5
1040
1122
1138.5
1019
1038
1072.5
1052
1015.5
1054.5
1071
1115.5
1113.5
1050
1072
1149.5
1101
1030
1025
1068
1112
1097.5
1124
1069.5
1073.5
1027.5
1013.5
1044.5
1119
1109.5
1017
1065.5
1142.5
1029
1051
1080
1074.5
1103.5
1145
1062.5
1135
1096.5
1012.5
1083.5
1068
1098
1122
1157.5
1073
1113.5
1057
1143
1111.5
1072
1096
1150
1020
1098
1023
1075.5
1030
1151.5
1104
1020.5
1050.5
1014.5
1092
1138
1017
1119
1093.5
1115.5
1147
1108.5
1062.5
1067
1161
1147
1117
1050.5
1023
1124
1052.5
1139.5
1121
1050.5
1117.5
1103.5
1063
1039.5
1051.5
1085.5
1088.5
1097.5
1099
1056
1108.5
1045
1100.5
1071
1076
1002.5
1114
1049.5
1061.5
1075.5
1072.5
1092.5
1063.5
1036
1092.5
1023.5
1096.5
1036.5
1065.5
1138.5
1143.5
1084.5
1090
1056
1136.5
1143
1066
1033.5
1077.5
1008.5
1141.5
1072
1071
1089
1127
1024.5
1065
1169
1024
1126.5
1087
1116
1159
1085
1035
1023.5
1099
1100
1131
1170
1100
1138.5
1021
1021.5
1042
1082.5
1045
1056
1145
1000.5
1140.5
1063
1102
1046.5
1091.5
1030.5
1051.5
1064.5
1085
1072.5
1087
1158
1123
1086.5
1023.5
1093.5
1131.5
1151
1050.5
1100
1059.5
1046.5
1136.5
1108
1041
1061.5
1028
1131.5
1047
1031.5
1044.5
1067
1106.5
1166
1140
1173
1070.5
1115.5
1023
1006.5
1014
1067.5
1072
1041
1134
1045.5
1116.5
1032.5
1114
1168
1039
1058.5
1050
1067.5
1175
1035.5
1133.5
1122.5
1123
1156.5
1160.5
1070
1004
1129.5
1035.5
1159
1042.5
1071.5
1175.5
1082
1101
1066.5
1057.5
1030.5
1026
1142.5
1049
1019
1115
1063.5
1030
1067.5
1045.5
1155
1009
1082
1182.5
1059
1019.5
1065.5
1040
1130.5
1080
1040
1099
1164.5
1097
1083.5
1126.5
1069
1137
1168
1095
1111.5
1046.5
1096
1027.5
1124.5
1099.5
1111.5
1108
1003
1096.5
1129.5
1041
1082
1013.5
1083.5
1117.5
1076.5
1081.5
1025
1013
1139.5
1173
1056
1022
1079
1020
1046
1080
1024.5
1051.5
1063.5
1075.5
1046
1039
1065
1068
1012
1159.5
1152.5
1100.5
1101.5
1109
1001.5
1012
1125
1073
1062.5
1190
1010.5
1123
1064.5
1029
1017.5
1108.5
1085
1066.5
1047.5
1083
1036
1008.5
1096
1053.5
1043
1073.5
1109.5
1023
1062.5
1048.5
1127.5
1092
1123.5
1068
1113.5
1099.5
1015
1035.5
1017
1138.5
1042.5
1140
1046.5
1024.5
1143.5
1132.5
1172.5
1130.5
1076
1083.5
1158.5
1041
1059
1080.5
1009
1122
1060.5
1089.5
1115.5
1159
1088.5
1140.5
1115.5
1054.5
1093.5
1159.5
1163
1033.5
1096.5
1103.5
1063
1003.5
1177.5
1194
1017.5
1023.5
1048.5
1071
1043
1050.5
1021
1021.5
1081.5
1103
1179.5
1036.5
1060
1041
1169.5
1048
1057.5
1111
1013.5
1038
1027
1018
1143.5
1037.5
1116.5
1048.5
1055.5
1015
1119
1066.5
1060.5
1073.5
1160
1044
1088
1093
1108
1065
1125.5
1073
1188
1068.5
1016.5
1088.5
1064.5
1066.5
1034.5
1077.5
1086.5
1037.5
1132
1133.5
1048.5
1120
1053.5
1020
1080.5
1124
1105
1015
1108
1176
1151
1169.5
1123
1095
1027.5
1008.5
1158
1172
1130.5
1048.5
1174.5
1044.5
1107.5
1020
1111.5
1072
1082
1072
1112.5
1113.5
1131
1072.5
1056.5
1010
1133.5
1040
1112.5
1011.5
1029.5
1089
1069.5
1075
1158.5
1125.5
1014.5
1137.5
1159.5
1131
1039
1010.5
1051.5
1054.5
1088.5
1015
1096.5
1119.5
1119.5
1074.5
1081
1039.5
1030.5
1138
1026
1067
1117.5
1077.5
1019
1036.5
1014.5
1038
1068
1083
1160.5
1140
1081
1065.5
1080
1144.5
1129.5
1161
1031.5
1136.5
1114
1079
1126.5
1045
1035
1104
1029
1053.5
1018
1034.5
1014
1079
1059
1143.5
1012
1023
1162.5
1106.5
1159.5
1068
1039.5
1128
1019.5
1036.5
1134.5
1077
1033.5
1045
1019
1061
1142
1051.5
1033.5
1067.5
1045
1022
1053.5
1107.5
1093.5
1171.5
1131.5
1138.5
1004
1106
1076
1053.5
1146
1015.5
1089
1029
1122
1100.5
1083.5
1084.5
1026.5
1019.5
1121
1126.5
1103.5
1077.5
1074.5
1006
1141.5
1022
1031.5
1092
1081.5
1062
1111
1021.5
1186.5
1078.5
1086
1022.5
1183
1100
1124
1078
1062.5
1050
1029
1053.5
1081.5
1072.5
1119
1060
1118.5
1023
1042
1004
1033
1073
1020.5
1070
1042
1112.5
1028
1146
1046
1006.5
1050.5
1119
1035.5
1111
1053.5
1109.5
1119
1077.5
1100
1000.5
1018
1005.5
1008
1136
1162.5
1176
1060
1111
1014
1085.5
1096
1127.5
1029.5
1067.5
1068
1030
1075.5
1057.5
1158
1064
1056
1093
1067
1028.5
1107
1082
1123
1034
1065.5
1086
1102
1175
1114
1026
1130
1115.5
1089
1040
1011
1042
1134
1016.5
1077
1151.5
1017
1020.5
1071
1181.5
1001
1123
1096.5
1139
1144
1027.5
1013
1008
1036
1171
1076.5
1150.5
1043.5
1102
1146
1114.5
1154
1050.5
1041.5
1148.5
1111.5
1144.5
1141
1161
1041.5
1024
1059
1056
1123
1064.5
1050
1013.5
1091.5
1079.5
1079.5
1190.5
1075.5
1048
1113.5
1120
1062.5
1018.5
1041
1090.5
1102
1144.5
1186.5
1124.5
1025
1023.5
1069.5
1093
1137
1119
1136
1057
1006.5
1127
1098.5
1117
1115
1031.5
1066
1054.5
1016
1143
1092
1124.5
1016
1017.5
1117.5
1166.5
1139.5
1062.5
1148.5
1050.5
1033.5
1081.5
1164
1114.5
1141
1114.5
1024.5
1194
1142.5
1060
1102.5
1089.5
1055.5
1166
1059.5
1021
1165
1094
1079
1111.5
1113.5
1031.5
1052
1053
1088
1002
1053.5
1102
1156
1110
1070.5
1087.5
1078
1019.5
1102
1033
1096.5
1028.5
1116
1070.5
1035.5
1065.5
1142
1073
1096.5
1155
1030
1111.5
1104.5
1011
1075
1041.5
1021
1101
1116
1066.5
1060.5
1127.5
1112
1105.5
1125.5
1098.5
1068
1094.5
1021
1133
1036
1123
1093.5
1021
1072
1150
1067
1126.5
1068
1130.5
1039
1080
1094.5
1047.5
1090
1068
1095.5
1095.5
1098
1034.5
1054.5
1091.5
1170.5
1032.5
1032
1061.5
1182
1049.5
1174.5
1121
1038
1064.5
1098
1123.5
1056
1067
1005
1067.5
1158.5
1041
1128
1007
1017
1125
1084.5
1106
1012.5
1026
1091.5
1070.5
1088
1043
1164
1133
1111.5
1025.5
1048.5
1147
1085
1022.5
1032
1011.5
1160.5
1122
1121
1091
1115
1057.5
1050
1131
1136
1030
1098
1127
1019.5
1002
1064.5
1141
1041.5
1083.5
1123.5
1137.5
1077
1125.5
1107
1024
1000.5
1143.5
1135
1082.5
1104.5
1093
1091.5
1095
1106.5
1159.5
1124.5
1088.5
1054
1138.5
1050.5
1104
1040.5
1105
1122
1107.5
1026
1057
1141
1019.5
1117
1083.5
1005
1036.5
1158
1083
1009.5
1008
1037.5
1082.5
1103
1072.5
1069
1079.5
1147.5
1122.5
1118
1027
1027.5
1017
1144
1017.5
1140
1102
1058
1113
1060.5
1160
1058
1037
1146
1060
1176.5
1097.5
1076
1160.5
1123
1109.5
1023
1047
1007
1030.5
1138
1048.5
1060.5
1012
1031.5
1001.5
1046.5
1069.5
1091.5
1018.5
1134
1069.5
1030
1059.5
1021
1028
1047
1106
1035
1031.5
1114
1128
1108
1051
1158
1024
1111.5
1150
1075
1147
1178
1108
1005
1114.5
1127
1079.5
1149.5
1042
1075.5
1074
1060
1081
1028.5
1076
1054
1041
1098
1143
1105
1033.5
1074
1009
1054.5
1160.5
1076.5
1109.5
1187.5
1033.5
1042.5
1123
1170.5
1174.5
1134.5
1102.5
1117
1020.5
1047
1116.5
1001
1109.5
1091.5
1110.5
1064
1034
1063
1114.5
1074
1079
1105
1124.5
1071
1069
1104.5
1024.5
1127.5
1172
1073
1024.5
1138
1089.5
1102
1058
1003.5
1011.5
1135
1067.5
1136.5
1069.5
1021.5
1118
1038.5
1010.5
1108
1076
1105.5
1032.5
1064
1059
1061.5
1072.5
1000.5
1099.5
1121
1113
1057.5
1139
1163
1001.5
1179
1080
1027
1101.5
1162.5
1098.5
1076.5
1106.5
1152.5
1180.5
1043.5
1086.5
1165.5
1107
1170.5
1088
1158
1038.5
1051.5
1085
1075.5
1139
1061
1127
1156
1042.5
1022.5
1126
1185
1024
1026
1099.5
1046.5
1058.5
1167.5
1034.5
1170
1021
1109
1008
1066
1039
1077
1117.5
1073.5
1115
1163
1049
1144
1126.5
1013.5
1099.5
1108
1004
1013.5
1132.5
1060
1105.5
1080.5
1078.5
1081.5
1100
1089.5
1042.5
1026
1093
1116.5
1132.5
1183
1133
1065
1022
1132.5
1118.5
1115.5
1102.5
1115.5
1135
1055.5
1060.5
1124
1124.5
1049.5
1037
1017.5
1092.5
1051.5
1107
1020
1040
1062.5
1055.5
1018
1109
1104.5
1022
1112.5
1178
1021.5
1165
1024.5
1033
1125.5
1174
1181
1090
1102
1084.5
1056
1023.5
1011
1026
1014
1017
1178.5
1160.5
1008.5
1089
1037.5
1045.5
1052.5
1031
1150
1139
1111.5
1151.5
1074.5
1114.5
1079.5
1036
1130.5
1003
1107.5
1047.5
1090.5
1159
1082.5
1017
1057
1056
1077
1170
1030
1073
1059.5
1084.5
1124.5
1149
1080
1124.5
1060
1047
1015.5
1055.5
1170
1111.5
1147
1072.5
1137
1172.5
1119
1128.5
1074.5
1038
1151
1089
1132
1114.5
1088
1148
1036
1021
1017
1081
1013
1098
1098.5
1178.5
1177
1085
1135
1055
1014
1102.5
1041.5
1080
1156
1067
1058.5
1150.5
1048.5
1013.5
1132.5
1135.5
1089
1102
1058.5
1100.5
1066.5
1100.5
1065.5
1139.5
1068.5
1004
1058.5
1164.5
1105
1042.5
1060
1041
1126.5
1002
1041.5
1051.5
1060.5
1148
1093
1019.5
1120.5
1139.5
1087
1034.5
1110.5
1121.5
1039
1041.5
1013
1149.5
1115
1081
1007.5
1106.5
1050
1053
1035.5
1068.5
1140.5
1142
1088
1140
1175
1109
1052
1136.5
1119
1021.5
1089.5
1093
1093.5
1108.5
1106
1070
1173
1137.5
1058.5
1105
1051.5
1097.5
1048
1132
1021.5
1083.5
1060
1123
1112.5
1063.5
1045
1153
1063.5
1145.5
1046.5
1102.5
1013.5
1023.5
1114
1023
1001.5
1116.5
1191
1037
1119.5
1147
1036.5
1125.5
1032.5
1119.5
1178
1028
1010.5
1176
1015
1113.5
1145.5
1065.5
1193
1052.5
1140.5
1056.5
1046.5
1050
1118.5
1102
1109
1141.5
1054.5
1098.5
1028.5
1067
1059
1176
1122.5
1064
1130.5
1022.5
1005.5
1079.5
1146
1140
1148.5
1026.5
1107
1107
1054
1169
1046
1091
1121.5
1002
1050.5
1012.5
1118.5
1053.5
1109
1118.5
1123
1035.5
1042
1011
1111
1068.5
1052
1095
1040.5
1033
1110
1098
1018.5
1131.5
1040
1112.5
1104
1017
1062.5
1061.5
1013.5
1151
1021.5
1138
1170.5
1036
1087.5
1138
1038
1135
1044.5
1162.5
1156
1020
1058
1116
1009.5
1048
1126
1120.5
1037
1135
1094
1020.5
1085.5
1126.5
1115.5
1089.5
1087
1053
1025.5
1059.5
1143
1081
1048
1042
1055
1120
1083.5
1057
1034
1146
1032
1207
1154
1006.5
1056
1051.5
1135.5
1126.5
1100
1020
1068
1135.5
1102.5
1016.5
1123.5
1071.5
1180.5
1003
1054
1107.5
1146
1007
1053.5
1105
1112
1186.5
1045
1056.5
1125
1163
1021
1047
1129
1113.5
1034.5
1040.5
1048.5
1169.5
1060.5
1045.5
1127
1022.5
1062
1077
1018.5
1160.5
1037
1131.5
1148.5
1094
1032
1026.5
1055
1058
1029
1131.5
1148
1135
1094
1022
1101.5
1075
1037
1026
1129.5
1227
1064.5
1141.5
1007
1114.5
1029.5
1022
1070.5
1102.5
1049
1116.5
1127
1109
1054
1141.5
1131
1115
1120
1024
1055
1056.5
1170.5
1101
1072.5
1110
1019
1072.5
1166.5
1054.5
1109.5
1095.5
1139.5
1063
1085.5
1173
1146.5
1156.5
1135.5
1039
1136
1145.5
1042.5
1037.5
1135.5
1112.5
1071.5
1097
1014
1151
1154.5
1014.5
1093
1104.5
1029.5
1029
1153.5
1110
1088
1024
1120.5
1044
1125.5
1003.5
1050.5
1035.5
1015.5
1068
1143.5
1056.5
1031
1110.5
1029
1144.5
1050
1137
1044.5
1093
1115.5
1013
1024
1020.5
1132
1026.5
1129.5
1091
1129
1102.5
1076
1085
1075.5
1089.5
1154
1053
1085
1027.5
1076
1173.5
1147.5
1118
1166.5
1112.5
1046.5
1062
1046
1088
1177.5
1033.5
1145.5
1077.5
1078.5
1155.5
1085
1160
1091
1102
1125.5
1135.5
1042
1112
1058.5
1076.5
1113
1028
1124.5
1019
1069.5
1119
1021.5
1051
1086
1045.5
1120.5
1114.5
1097.5
1003
1019
1151.5
1122.5
1129.5
1133
1092
1053
1007.5
1083.5
1048.5
1075
1095
1134
1018.5
1067.5
1048
1162
1107
1115
1049
1140
1016.5
1024.5
1047.5
1096.5
1028.5
1083
1021
1045.5
1057.5
1042
1096
1092.5
1065
1025
1038.5
1140
1107
1010
1108
1025
1022.5
1041
1100.5
1013.5
1096.5
1060
1150
1117.5
1072
1029
1148.5
1111
1094
1071.5
1104
1017
1091
1051
1048
1064.5
1116.5
1050.5
1030
1077
1086.5
1079
1049
1027
1161
1093.5
1073
1051
1023.5
1173.5
1178.5
1012
1108
1151.5
1025.5
1059.5
1095
1102
1066.5
1066
1071
1136.5
1148
1038.5
1029.5
1061.5
1055.5
1031
1182.5
1168
1018
1069.5
1121.5
1125
1085
1151.5
1147.5
1049
1132.5
1101
1034
1076
1053
1114
1052.5
1077.5
1150.5
1125.5
1132.5
1002
1108.5
1121.5
1015.5
1151.5
1123.5
1109
1053.5
1040.5
1128
1024
1124.5
1165
1072.5
1148
1159.5
1130.5
1101
1110
1094.5
1084.5
1013.5
1078
1157
1084.5
1108
1116
1103
1136
1027.5
1122.5
1023.5
1088
1128.5
1155.5
1075.5
1121.5
1129
1111
1074.5
1020
1076
1016
1123.5
1011.5
1172
1040
1018.5
1093.5
1051.5
1037
1100
1041
1184
1078.5
1159
1126.5
1104
1131.5
1111
1044.5
1136
1011.5
1042.5
1081.5
1058
1049
1037
1151.5
1156.5
1121.5
1105
1028.5
1082
1133.5
1120
1065.5
1137
1030
1036
1025
1016
1022
1094
1082.5
1116.5
1072.5
1040.5
1116
1068.5
1048.5
1121
1029.5
1090
1106.5
1152
1017.5
1133.5
1113.5
1152
1104
1140
1081.5
1045
1108
1089
1120
1086.5
1033
1125
1028
1049
1018.5
1055
1201.5
1115.5
1072.5
1087.5
1080
1062
1030.5
1077.5
1060
1137
1035.5
1100.5
1011.5
1030
1050
1080.5
1110.5
1004
1016.5
1047
1157
1037
1109.5
1029.5
1120.5
1109
1078.5
1132.5
1057
1103.5
1098.5
1011
1093
1015.5
1112
1056.5
1089.5
1045
1053
1051.5
1163
1107
1053
1049.5
1162.5
1013.5
1118
1043
1119
1104
1135.5
1076.5
1164
1183.5
1089
1055.5
1024.5
1034
1037
1014.5
1112.5
1109.5
1012.5
1078.5
1139
1062
1090
1149.5
1120
1035
1042
1125.5
1082
1134.5
1078.5
1062.5
1086
1072.5
1109
1129
1042
1131
1128.5
1080.5
1034
1008.5
1025.5
1012.5
1086
1043.5
1098.5
1059.5
1136.5
1077.5
1032.5
1129
1051.5
1122.5
1123.5
1138.5
1145.5
1117.5
1107.5
1115
1057
1127.5
1138
1125.5
1014
1134.5
1025
1011
1047
1116.5
1041.5
1167
1079
1112.5
1069.5
1071.5
1094
1163
1074
1035
1174.5
1053.5
1003
1022.5
1058.5
1140
1115.5
1065
1119
1018.5
1062
1098
1062
1067
1055.5
1116
1144
1017.5
1016.5
1117.5
1049
1010.5
1025.5
1083.5
1134.5
1042.5
1120
1106.5
1106
1055.5
1025
1023
1096
1187
1162.5
1138
1003.5
1199
1148
1048
1048.5
1072
1086.5
1134.5
1107.5
1141
1131
1007
1156
1020.5
1115
1046.5
1103.5
1026.5
1052.5
1042
1111.5
1055
1015.5
1017
1099.5
1031.5
1023
1131
1068
1109
1024
1072
1127
1144.5
1057
1003.5
1070.5
1146.5
1013
1143
1083
1065
1145
1045.5
1167.5
1036
1042.5
1031.5
1174.5
1035
1143
1082.5
1122
1015.5
1022
1005.5
1130
1094.5
1002.5
1052
1122
1060.5
1073.5
1114.5
1070.5
1064.5
1008.5
1067
1158
1110
1007.5
1070
1016.5
1114
1092.5
1107
1056
1140
1098.5
1034.5
1063.5
1083.5
1094
1126
1081.5
1096.5
1018.5
1022.5
1014
1017
1026.5
1003
1139
1006
1051
1137.5
1024
1140.5
1123.5
1014.5
1118.5
1035
1059
1120
1163
1044.5
1136
1098
1032
1084
1125
1115.5
1008.5
1094
1064.5
1057.5
1083.5
1159.5
1133.5
1023.5
1004
1018.5
1125
1113
1018.5
1124
1111
1155.5
1045
1115
1141.5
1090
1014.5
1091.5
1075.5
1021.5
1127
1025.5
1105
1111.5
1029
1032.5
1083
1086
1079
1010.5
1137.5
1028
1080
1035
1142.5
1138.5
1149
1128.5
1040.5
1160
1115
1024.5
1038
1141
1042.5
1056.5
1074.5
1134
1045
1013
1090
1085.5
1024
1125
1026.5
1138
1025.5
1111
1108
1113.5
1104.5
1013
1031
1074.5
1015
1002
1144
1012
1068
1151
1137.5
1003.5
1091.5
1063.5
1102.5
1014.5
1068.5
1036.5
1081.5
1080
1071.5
1012.5
1072
1084
1106
1068.5
1132
1165
1041.5
1131
1064.5
1019.5
1106.5
1032.5
1121
1084.5
1149.5
1070
1100
1109
1117.5
1045
1022.5
1030
1088.5
1146
1090
1114.5
1047
1049.5
1007
1059.5
1140
1082
1076.5
1048.5
1097
1051.5
1125.5
1098.5
1073.5
1055.5
1150.5
1070
1158
1075.5
1056.5
1076.5
1142
1060.5
1109.5
1071
1112.5
1049.5
1082.5
1181.5
1140.5
1013
1137
1067
1081.5
1085
1148.5
1076
1066
1074
1071.5
1072.5
1135.5
1017
1018.5
1085.5
1066.5
1112.5
1139
1074.5
1051.5
1152
1031
1080
1104.5
1020.5
1115.5
1141.5
1109
1073
1091
1081
1141
1109.5
1072
1010
1006
1082.5
1120
1113.5
1102
1009
1083.5
1086
1047.5
1117.5
1053.5
1050.5
1126.5
1140
1012.5
1092.5
1033.5
1110.5
1062
1022
1104.5
1117.5
1009.5
1104
1132.5
1124
1126.5
1087.5
1073.5
1019.5
1042
1029.5
1151
1082.5
1041
1094.5
1117
1042.5
1122
1001.5
1024
1007.5
1146
1029.5
1024.5
1159
1017
1071.5
1064
1039
1171.5
1117
1054
1066
1140.5
1123
1062
1101
1051.5
1091
1028.5
1093
1059
1165
1101.5
1080
1108
1164
1118.5
1119
1044
1027.5
1059.5
1028
1077
1046
1072
1115
1114
1123.5
1113
1078
1025.5
1144.5
1201.5
1094.5
1018
1030.5
1104
1100.5
1126.5
1077
1143.5
1097.5
1062.5
1046
1142.5
1018.5
1051.5
1113.5
1024.5
1019
1150.5
1041
1054.5
1044
1054
1052.5
1027.5
1107.5
1020.5
1130.5
1090
1044.5
1132
1137
1065.5
1098.5
1012.5
1157
1142.5
1087.5
1097
1005
1003
1122.5
1141
1127
1136.5
1147
1071.5
1100.5
1126
1035
1151
1027.5
1077.5
1106
1195
1150.5
1036
1135.5
1030
1068.5
1152.5
1152.5
1070
1091
1039
1086
1071
1013.5
1168.5
1004.5
1116
1066.5
1084.5
1040
1127.5
1058.5
1060.5
1168.5
1041
1009
1063.5
1033
1111.5
1101.5
1076
1109.5
1010
1182.5
1107
1113.5
1058.5
1134
1109
1065.5
1078.5
1154.5
1164
1014
1024
1116.5
1125.5
1008.5
1022
1076
1088
1082
1123
1047.5
1090.5
1124.5
1127
1135
1016.5
1024
1049.5
1042.5
1027
1071
1105
1002.5
1105.5
1093.5
1109.5
1097.5
1043.5
1038.5
1076
1081
1166
1149.5
1088.5
1079
1038
1074.5
1085.5
1076
1122.5
1114
1017.5
1094
1158.5
1020.5
1069.5
1163.5
1116
1029
1077
1125.5
1075.5
1010.5
1161
1100.5
1058
1076.5
1040
1041.5
1062.5
1131.5
1093.5
1010.5
1178
1056.5
1148.5
1037
1127.5
1076.5
1022
1060
1104
1032
1080.5
1105
1080
1030
1010
1143
1143.5
1139
1040
1107.5
1040.5
1073
1091.5
1056
1102.5
1100
1114.5
1037.5
1124.5
1064.5
1097.5
1103
1009
1119.5
1155.5
1108.5
1155
1094.5
1097
1064.5
1034.5
1021.5
1050
1148.5
1130.5
1121.5
1002.5
1058.5
1109
1150.5
1034.5
1040.5
1125.5
1154
1150
1099
1118
1148.5
1027
1047.5
1027
1136
1076
1104
1168
1062
1144.5
1026
1088
1089
1024.5
1113
1112.5
1106
1131.5
1107
1016.5
1062.5
1052
1063.5
1026.5
1052
1073
1022
1062.5
1012
1180
1133.5
1080
1043.5
1056
1102
1032
1156.5
1040
1003.5
1010
1058
1035
1040.5
1087.5
1011
1022.5
1071.5
1141
1038
1083
1133.5
1109
1131
1037.5
1001.5
1011.5
1162
1132.5
1015.5
1184
1187.5
1046
1089.5
1114.5
1065
1138.5
1023.5
1084
1104.5
1081
1054.5
1073
1103
1043
1043
1015.5
1077.5
1030
1113
1120.5
1024
1047
1020
1127
1013
1090
1023.5
1142.5
1091
1019
1020.5
1112
1090.5
1059.5
1115
1178
1131.5
1023.5
1164.5
1105
1089
1037
1095
1083.5
1079.5
1034.5
1048.5
1122.5
1102.5
1082.5
1157
1060
1024
1099.5
1068
1038
1022.5
1056.5
1100.5
1141
1140
1098
1091
1067.5
1118
1110
1087
1080.5
1050
1009.5
1028
1063
1050
1160.5
1010.5
1038.5
1023.5
1167.5
1074.5
1019.5
1124
1147.5
1078.5
1116
1117.5
1045
1106
1105
1144
1165.5
1012
1021.5
1129.5
1162.5
1084
1016
1128
1095
1060.5
1033.5
1043.5
1073
1104.5
1089.5
1082.5
1026.5
1076.5
1143
1062
1033.5
1128.5
1140.5
1045
1032
1012.5
1065.5
1082
1099.5
1151
1037
1017
1013.5
1103
1093.5
1050
1133.5
1060.5
1097
1082.5
1048.5
1065
1071
1080.5
1064.5
1115
1042.5
1088
1041
1078.5
1013.5
1037.5
1052
1036.5
1116
1046.5
1074.5
1103.5
1069.5
1098.5
1087.5
1104.5
1025
1117.5
1081.5
1065.5
1110.5
1043.5
1082.5
1035.5
1048.5
1106.5
1178
1135
1147
1089.5
1028
1122.5
1092.5
1030
1099.5
1174
1089.5
1131
1105
1125
1065
1090
1068.5
1102
1117.5
1071.5
1086.5
1066
1054
1136.5
1098
1147
1096
1047.5
1065.5
1055
1059
1083
1055
1072.5
1108
1112.5
1177
1022
1083.5
1201.5
1016.5
1019
1128.5
1065
1118
1067.5
1041
1066
1093
1002.5
1076
1072
1024.5
1022.5
1007
1144
1180.5
1128
1091.5
1115
1026
1139
1039
1170.5
1052.5
1055.5
1000.5
1067
1104
1118.5
1095.5
1114.5
1011
1064.5
1100.5
1013
1137.5
1100
1122.5
1177.5
1114
1135.5
1046
1013
1095.5
1070.5
1136.5
1108.5
1098
1105.5
1057
1063.5
1127
1079
1023
1130.5
1039.5
1167.5
1096
1064
1125
1206.5
1020.5
1088
1050
1108
1097.5
1119
1173
1119
1034.5
1043.5
1072.5
1117
1117
1120
1067
1163
1032.5
1020.5
1001
1004
1096
1119
1125
1114
1156.5
1064.5
1042.5
1112
1044.5
1164
1062
1143.5
1122
1096
1032
1081
1032.5
1090
1078.5
1072.5
1030.5
1071
1121.5
1157.5
1061
1139
1040.5
1010.5
1057
1169.5
1055
1042.5
1082
1085.5
1040.5
1165
1059
1061.5
1140
1082
1110.5
1068
1090
1059
1007
1098.5
1035
1191.5
1138.5
1081
1012
1092
1122
1074.5
1061.5
1053.5
1125
1025.5
1053.5
1034
1026.5
1000.5
1083
1059
1116
1127
1128
1118
1026.5
1146
1028
1082.5
1053
1063.5
1146
1117
1026.5
1013
1034.5
1012
1127.5
1124
1093.5
1080
1103
1124
1137
1196
1031.5
1062
1069.5
1057.5
1060.5
1084.5
1113
1033.5
1136.5
1150
1147.5
1034.5
1083
1078.5
1077.5
1058
1059.5
1062
1035.5
1148.5
1092.5
1040.5
1071.5
1148.5
1125.5
1109
1149.5
1018
1053.5
1170
1129
1032.5
1091.5
1075
1010
1050
1034
1151
1116.5
1127.5
1085
1136.5
1127
1018.5
1147.5
1066.5
1011.5
1056
1112
1120
1176
1053
1108.5
1095.5
1031
1124
1131.5
1004.5
1010
1067.5
1146
1008.5
1139
1054
1129.5
1018.5
1140.5
1079.5
1010
1044.5
1114
1087.5
1024.5
1055
1024
1061
1011.5
1089
1057.5
1124
1113
1013
1082.5
1034.5
1142.5
1147
1115
1018.5
1067.5
1054.5
1176.5
1164.5
1148
1120.5
1018
1057.5
1080.5
1049
1062.5
1098.5
1060.5
1089.5
1066
1021
1104
1105.5
1027.5
1136.5
1038.5
1140
1103.5
1083.5
1121
1095
1027
1097.5
1033
1102.5
1095.5
1085
1135
1143.5
1162.5
1059
1115.5
1035
1052.5
1095.5
1189.5
1105.5
1141
1021
1106
1027
1137.5
1124.5
1064.5
1070
1068
1080
1030.5
1038.5
1105.5
1063
1063
1060
1034
1172
1110
1026.5
1109.5
1086.5
1007.5
1091.5
1095.5
1037
1015.5
1095.5
1089.5
1087
1054.5
1026
1133.5
1053
1107.5
1070
1129.5
1146.5
1113
1158.5
1025
1154
1098
1165
1084
1059.5
1157
1118
1043.5
1055.5
1034.5
1019.5
1058.5
1191
1078.5
1020
1019.5
1005.5
1051
1127
1116.5
1109
1107.5
1005.5
1099
1014
1105
1124.5
1186.5
1048
1079.5
1071.5
1122
1100
1099
1154
1088.5
1023.5
1020.5
1004.5
1062.5
1128.5
1009
1188.5
1071
1055
1031.5
1135.5
1044
1126.5
1025
1036
1110.5
1036.5
1096
1123
1051
1058.5
1212
1023.5
1012.5
1008
1099
1035.5
1094
1149.5
1037
1008.5
1079.5
1035
1081
1080.5
1056
1124
1103
1064
1156.5
1124
1193.5
1004.5
1158
1139.5
1133
1019
1001
1115
1119.5
1042.5
1038
1030
1166
1156
1009
1049.5
1081
1142
1011.5
1147
1057.5
1049.5
1102.5
1025
1100.5
1115
1135
1047.5
1007
1030
1064
1016.5
1048.5
1142
1113
1036
1118.5
1140.5
1144.5
1089.5
1114.5
1111
1030
1125.5
1014
1064.5
1053
1171
1145
1033.5
1069
1104.5
1094
1099.5
1114.5
1140
1040
1106.5
1029
1034.5
1139.5
1192
1052
1038
1058
1123.5
1124
1097.5
1080.5
1068.5
1046
1153.5
1133
1074
1146
1112.5
1085
1098
1111
1157.5
1076
1038.5
1161
1116.5
1094
1049.5
1065
1068.5
1074.5
1120
1114.5
1110
1064.5
1130.5
1098
1127
1147.5
1082.5
1095
1039.5
1036
1117.5
1091.5
1021
1106.5
1082.5
1074.5
1087.5
1084.5
1092
1127
1127
1129
1179
1057
1052
1115.5
1174.5
1014.5
1057.5
1018.5
1102
1007
1066.5
1079.5
1064
1116.5
1055.5
1016
1075.5
1044
1037.5
1057.5
1150.5
1044
1091.5
1121
1017.5
1143.5
1184.5
1059.5
1093.5
1071
1130.5
1054.5
1016.5
1043.5
1174.5
1058.5
1093
1107
1133.5
1058
1087
1055
1133.5
1061.5
1153
1039
1095.5
1014.5
1131.5
1113
1095.5
1139.5
1019.5
1111.5
1084
1143
1179.5
1105.5
1034
1084.5
1041
1104
1080.5
1069
1062
1024
1057
1145.5
1101.5
1049.5
1010.5
1049
1181
1076
1134
1056
1072
1024.5
1083
1012.5
1120.5
1019
1055
1068
1096.5
1006.5
1077.5
1041.5
1135.5
1103
1122
1013.5
1071
1082.5
1114.5
1062.5
1135.5
1153.5
1023
1127.5
1127.5
1122.5
1118
1024
1106.5
1154
1083.5
1093.5
1052
1039.5
1149
1095.5
1090.5
1093.5
1007
1047
1035
1059
1060.5
1049.5
1037
1046
1094
1013
1078.5
1138
1088.5
1084.5
1163.5
1014
1062.5
1008.5
1059.5
1074.5
1098.5
1022
1149.5
1154.5
1121
1052
1018
1074
1065
1158.5
1023
1050.5
1096
1174
1031
1132
1080.5
1150
1108
1168.5
1017
1037.5
1049
1029.5
1103.5
1050
1018.5
1072.5
1118
1096
1072
1129
1106.5
1055.5
1075
1021.5
1157
1121
1041.5
1031.5
1046.5
1064.5
1015.5
1084
1106
1082
1083
1037.5
1019
1025
1154
1022
1023
1060
1020.5
1101.5
1056
1153
1110.5
1086.5
1089.5
1006.5
1139.5
1132.5
1007.5
1105.5
1037.5
1100.5
1055
1009.5
1019.5
1158
1102.5
1085
1047
1106.5
1101.5
1111
1008.5
1015.5
1011
1114.5
1012.5
1123.5
1048
1030
1065.5
1034.5
1086.5
1145
1177
1117.5
1195.5
1140.5
1133.5
1122.5
1146.5
1018
1097.5
1082
1001
1002.5
1046.5
1157.5
1118
1122
1053
1103
1071.5
1092.5
1032.5
1116.5
1072
1088
1007
1109.5
1084.5
1018
1091
1080
1040
1030.5
1045.5
1050
1095.5
1111.5
1012
1092
1066.5
1154
1007.5
1057.5
1061.5
1017
1020
1093
1093
1081.5
1074.5
1056
1031.5
1145.5
1126.5
1115
1023.5
1082.5
1056.5
1087.5
1070
1065
1122.5
1077
1189
1121
1075
1107
1086.5
1063.5
1026
1019.5
1095
1151.5
1126
1083.5
1156.5
1080.5
1084
1019
1030.5
1140
1150
1113.5
1136
1064.5
1013
1021
1077.5
1076
1044
1169.5
1128
1002
1068.5
1040
1035
1129
1075.5
1041.5
1087.5
1127
1084.5
1132
1125.5
1120
1090.5
1076
1089.5
1094
1037
1129.5
1108.5
1035.5
1093
1156.5
1038
1039
1007
1095
1096
1055.5
1124
1094
1080.5
1147.5
1149.5
1118
1091.5
1054.5
1129
1142.5
1016.5
1026.5
1101
1073
1068.5
1102
1077
1067.5
1121
1094.5
1047.5
1062.5
1128.5
1183.5
1022.5
1117
1133
1098
1003.5
1082.5
1046.5
1166
1026
1146.5
1076.5
1051
1044
1119.5
1095.5
1022
1139.5
1081.5
1080
1164
1110.5
1047.5
1115
1129.5
1083
1093.5
1029
1093
1017.5
1063.5
1115
1081.5
1107.5
1070.5
1129.5
1019
1035.5
1136
1091.5
1068.5
1061.5
1036.5
1063
1016
1006
1108.5
1098
1063.5
1131.5
1020
1065.5
1096
1092.5
1124.5
1081
1092.5
1056.5
1042.5
1073.5
1129.5
1065.5
1142
1055
1139.5
1103
1080
1089
1019
1023
1086
1037.5
1013
1076
1095.5
1078
1107
1083
1086
1057.5
1063
1038.5
1144.5
1071
1084.5
1006
1053
1039.5
1014.5
1028
1100
1101.5
1054.5
1128.5
1055
1131
1184
1007
1104.5
1043.5
1160.5
1075
1095.5
1071.5
1001
1092.5
1088.5
1064
1011
1095.5
1144.5
1080.5
1026
1085.5
1084.5
1028
1018.5
1039
1112
1143.5
1115
1059.5
1054
1054
1154
1125
1165.5
1094.5
1049
1145
1010
1038.5
1038.5
1078.5
1053.5
1066.5
1170
1068
1022
1074.5
1011.5
1074
1086
1012
1065
1145.5
1043
1106
1101.5
1145
1098.5
1034
1044.5
1042.5
1034.5
1085
1065.5
1085.5
1024.5
1075
1043
1027.5
1005
1017
1069.5
1023.5
1133
1046.5
1037
1029.5
1141
1106.5
1087.5
1025.5
1057.5
1032
1009.5
1115.5
1040.5
1005
1010.5
1105.5
1050
1025.5
1140.5
1038.5
1080
1124.5
1123.5
1045.5
1132
1025
1045.5
1011
1107
1103
1050
1057.5
1013
1043
1135
1065.5
1089
1117.5
1090.5
1110
1034
1086.5
1010.5
1061
1084.5
1045
1044.5
1100
1077.5
1105
1118.5
1071.5
1100.5
1064
1051.5
1034.5
1024
1146.5
1173.5
1080.5
1177.5
1019.5
1114
1086.5
1062
1140.5
1086
1040.5
1115.5
1068.5
1109
1092
1067.5
1121
1076
1090
1074.5
1057.5
1007.5
1060
1088.5
1028.5
1023.5
1163
1152.5
1054
1134.5
1115.5
1111
1054
1049.5
1021
1038.5
1030.5
1007
1042
1007
1103
1055
1065.5
1073.5
1059
1060.5
1010
1055.5
1090
1044
1137.5
1036
1117
1006.5
1036.5
1032.5
1092
1107.5
1024.5
1110.5
1030
1064.5
1079.5
1073
1153
1058.5
1094
1054.5
1022
1084
1103
1058.5
1132
1038.5
1133
1025.5
1010.5
1021.5
1190.5
1072
1012
1140.5
1152.5
1076
1011
1091.5
1112
1125.5
1044
1004
1099
1056.5
1029
1062
1075.5
1031.5
1105
1042
1080.5
1117.5
1031
1079.5
1031.5
1095
1043.5
1022
1026.5
1034
1080.5
1086.5
1067
1050
1113.5
1173
1101.5
1163
1017.5
1081
1119.5
1025.5
1099
1088
1073.5
1116.5
1053
1030
1148
1150
1087.5
1122
1102
1031.5
1021.5
1064.5
1134.5
1020
1003.5
1003
1162.5
1053
1012.5
1071.5
1102.5
1080.5
1052.5
1018
1099.5
1008.5
1105
1109.5
1073.5
1036.5
1130.5
1091.5
1064.5
1013.5
1094.5
1146.5
1048
1063.5
1020
1024.5
1169
1167
1117.5
1025
1155.5
1023.5
1070
1010.5
1015
1167
1141.5
1108.5
1150.5
1074
1160.5
1030
1019
1032.5
1093
1025.5
1038.5
1038.5
1096.5
1135.5
1154.5
1027.5
1001.5
1100
1094
1055
1156.5
1128.5
1121.5
1052
1097.5
1085
1163
1139.5
1155
1112
1038.5
1095.5
1013.5
1042
1136
1055
1068
1033.5
1008
1038.5
1037
1066
1007.5
1026
1162.5
1062
1103
1012.5
1109
1045
1134.5
1026.5
1021.5
1125.5
1083.5
1016.5
1110
1046.5
1099.5
1125.5
1093.5
1015
1090.5
1114
1012.5
1046
1075.5
1073.5
1058.5
1169.5
1046
1017
1022.5
1000.5
1087
1085.5
1078
1032
1025.5
1043.5
1021
1002.5
1101.5
1014.5
1073.5
1078.5
1018.5
1072
1124.5
1035
1126.5
1018
1018.5
1100
1158.5
1084.5
1087
1054
1006
1080
1089
1128
1086.5
1078
1099.5
1006.5
1102.5
1149
1079.5
1093.5
1108
1141
1002
1067.5
1073
1097.5
1037.5
1070
1037
1129
1016.5
1096.5
1121.5
1171.5
1169
1144.5
1068
1132
1075.5
1143.5
1104
1025.5
1110
1111
1050
1032
1108.5
1188
1081
1047
1054
1104
1012
1081.5
1135.5
1112
1093.5
1011
1040
1081.5
1017
1092
1137.5
1032
1063.5
1042.5
1002.5
1119
1034.5
1011
1051.5
1054.5
1019
1021.5
1169.5
1050
1111.5
1181.5
1032
1092.5
1018.5
1099
1087
1047.5
1097
1067.5
1151.5
1044.5
1150.5
1033.5
1004.5
1158
1042
1010.5
1021
1137.5
1006
1123
1099.5
1008.5
1152
1017.5
1050
1024
1076
1026.5
1187
1123.5
1035.5
1158
1132.5
1068
1099.5
1181
1147.5
1127
1059.5
1004
1138.5
1086
1054
1069
1011
1137
1137.5
1116
1176.5
1120.5
1118
1123.5
1061.5
1177.5
1107.5
1128.5
1031
1023
1044
1091.5
1034
1002.5
1027.5
1074.5
1049
1041
1109
1072
1157.5
1045.5
1123.5
1140
1080
1100.5
1136.5
1084
1040
1039.5
1048.5
1038
1071
1102
1131.5
1059.5
1142
1058.5
1063
1172
1021
1016.5
1183
1111
1122
1135.5
1094
1064.5
1074.5
1062.5
1068
1038.5
1136
1021.5
1089
1071.5
1100.5
1062.5
1104
1047
1041.5
1022
1132
1154
1132
1018.5
1208
1171
1119.5
1093.5
1114.5
1089.5
1064.5
1143
1112
1062.5
1092.5
1056.5
1146
1008.5
1092
1047.5
1125
1099
1010.5
1121
1033.5
1166.5
1007
1131.5
1088
1070.5
1104
1032.5
1068
1089
1139
1035
1010.5
1004.5
1033
1031
1110.5
1009.5
1063.5
1102.5
1031.5
1050.5
1088
1044
1053
1014
1002.5
1115
1017.5
1013
1107.5
1034.5
1049
1169
1051
1016
1147
1059.5
1028.5
1138
1021
1078
1069.5
1155
1141.5
1086
1101.5
1073.5
1035
1067.5
1079
1101.5
1073.5
1084
1029
1154.5
1125
1016.5
1158.5
1048.5
1093.5
1065.5
1140
1085
1137
1040
1043
1108
1105
1075
1079.5
1086
1117.5
1083.5
1103.5
1053
1078
1061
1042.5
1050
1026.5
1102
1101
1018.5
1033.5
1074
1050
1132
1159
1097
1093.5
1089
1054
1002
1119
1109
1120
1115.5
1012
1167
1036
1115.5
1068
1011.5
1121.5
1134.5
1038.5
1030.5
1060.5
1084.5
1064
1009
1070.5
1054.5
1142.5
1117.5
1139.5
1067
1124
1153
1138
1152
1173.5
1053
1104
1134.5
1113
1051
1121.5
1054.5
1032.5
1042
1049.5
1056.5
1013.5
1127
1108
1194
1135
1091.5
1017.5
1066.5
1082
1052.5
1098.5
1066.5
1092
1085.5
1040
1090
1065.5
1142
1114
1045.5
1025
1082
1003.5
1075.5
1054.5
1049
1008
1148.5
1163
1071
1092.5
1035
1108
1023
1129.5
1116.5
1005.5
1026
1033
1123
1059.5
1023
1066
1039
1024.5
1029.5
1161.5
1034
1130.5
1050
1005
1023
1133.5
1089
1066
1182
1180
1034.5
1212
1032
1120.5
1064
1010.5
1036
1024.5
1073.5
1162.5
1141.5
1116
1049.5
1050.5
1061
1095
1006.5
1108.5
1092.5
1189
1095.5
1154
1078.5
1048.5
1113
1153
1123
1045.5
1081.5
1011.5
1055.5
1007.5
1065.5
1112.5
1050
1099
1047.5
1105.5
1082.5
1084.5
1145
1053
1074
1123.5
1100
1066.5
1115.5
1110
1119.5
1025
1051.5
1107.5
1047.5
1053
1146
1147.5
1033.5
1076
1013
1105.5
1140
1042.5
1015
1030.5
1011
1093.5
1101
1221.5
1030.5
1025
1112
1051.5
1036
1049
1013
1082
1059.5
1076
1101.5
1062.5
1030.5
1048.5
1021.5
1165.5
1017
1024.5
1079
1035.5
1006
1012
1081
1147.5
1114
1032.5
1044.5
1105
1069
1093
1066
1074
1090
1126.5
1130
1131.5
1024.5
1071.5
1039
1039
1112
1142.5
1108
1103
1117
1144
1086.5
1044.5
1133
1077.5
1008
1133
1150
1036.5
1122.5
1143.5
1049
1076
1047.5
1115.5
1006.5
1095
1038.5
1010.5
1011.5
1072.5
1089
1059.5
1120
1078
1009.5
1135
1098
1125
1028
1052.5
1104
1042.5
1091
1054
1004
1026
1021.5
1107.5
1172.5
1070.5
1019
1136
1080
1144.5
1058
1017
1109.5
1161.5
1062.5
1117
1124
1013
1138
1053.5
1134.5
1042.5
1099.5
1189
1066.5
1133.5
1161
1026.5
1055
1077.5
1140
1122.5
1103
1029.5
1142.5
1003.5
1049.5
1108.5
1053
1093
1014
1041
1033
1133
1021.5
1136.5
1041.5
1122
1016
1083
1111.5
1115.5
1074.5
1075.5
1095.5
1056
1173.5
1120
1090.5
1129.5
1170.5
1035
1106.5
1143.5
1051.5
1103
1043.5
1029
1082.5
1099
1090.5
1104
1023
1023.5
1092.5
1145.5
1090
1076
1015
1111.5
1005
1033
1084.5
1030
1023
1086
1095.5
1045.5
1094.5
1143
1075
1053.5
1075.5
1030.5
1010.5
1181
1126.5
1082
1145.5
1078
1104.5
1070.5
1088
1156
1145
1075.5
1046
1079.5
1148.5
1089.5
1105.5
1010
1034.5
1051
1187.5
1144.5
1096.5
1013
1061.5
1009
1027.5
1075
1071
1074.5
1022
1068
1104
1094.5
1085.5
1128.5
1144.5
1105.5
1089
1049
1038.5
1030
1132.5
1173
1019
1042
1011.5
1140.5
1141.5
1073
1071
1013
1146
1115
1108
1177
1052.5
1031
1002.5
1140
1037.5
1073
1108
1142.5
1035.5
1038.5
1094.5
1109
1003.5
1101.5
1092
1028.5
1044
1146.5
1107.5
1000.5
1138.5
1070
1038.5
1152.5
1091.5
1168.5
1046
1131.5
1111
1081.5
1151.5
1149.5
1017.5
1025.5
1144.5
1041.5
1076
1082.5
1066
1081.5
1033.5
1059
1026
1033
1082
1011.5
1059.5
1040
1058.5
1043
1093
1151.5
1019.5
1059.5
1157
1083
1030.5
1018
1076
1073
1099.5
1110.5
1169
1062
1062
1121
1042.5
1096.5
1144.5
1111.5
1074
1010
1028.5
1065.5
1062
1003.5
1073
1007.5
1053
1105.5
1162.5
1141.5
1032.5
1123
1104.5
1023.5
1045
1099.5
1076.5
1023.5
1099.5
1005.5
1062
1159
1059.5
1076
1014
1099
1121.5
1055.5
1115
1076
1057.5
1014
1016.5
1144.5
1060
1054
1045.5
1086
1158.5
1124
1001
1116.5
1056
1064
1083
1005.5
1089
1006.5
1022.5
1100
1020.5
1029.5
1045.5
1135.5
1014.5
1020.5
1008.5
1086.5
1114
1043
1046.5
1003.5
1148.5
1089
1187.5
1072.5
1054
1115.5
1118.5
1019
1032.5
1121.5
1068.5
1003.5
1146.5
1059.5
1030
1133.5
1139.5
1058
1067
1044.5
1074
1096.5
1117
1095.5
1131.5
1113.5
1002
1093.5
1078.5
1037.5
1060
1058
1089.5
1016
1049.5
1114
1086.5
1063
1024.5
1170
1100.5
1095.5
1075
1063
1135
1013.5
1138.5
1034.5
1147.5
1085.5
1181
1123.5
1041.5
1142
1084
1054
1010.5
1091
1004
1002
1050.5
1015.5
1030.5
1062
1097
1120
1002
1013
1043
1019.5
1169.5
1110.5
1008.5
1078.5
1166
1008
1049
1059.5
1126
1038
1157
1056
1114
1134
1088.5
1084
1131.5
1005.5
1050
1153.5
1069
1131
1127
1023
1115
1136.5
1121.5
1043.5
1007.5
1012
1019
1028
1070.5
1030.5
1093
1105
1035.5
1013
1071
1116.5
1076.5
1020
1061.5
1087
1128
1051.5
1057.5
1083.5
1067.5
1112
1028
1073.5
1036.5
1134
1143.5
1144.5
1176.5
1055.5
1103
1090
1151.5
1158
1016
1005.5
1011.5
1113.5
1029
1082
1189
1083
1008
1060.5
1020
1084.5
1129
1021.5
1059.5
1099
1023.5
1079
1085
1081.5
1023
1021
1007
1025
1040
1077
1065
1013
1056.5
1129.5
1059
1036
1068
1002.5
1121
1122
1164
1018.5
1120
1057
1112.5
1032
1151.5
1037
1067.5
1150.5
1038.5
1020.5
1139
1010
1049.5
1081.5
1022
1124
1098
1081.5
1146
1033.5
1042.5
1156
1068.5
1065.5
1103
1027
1125
1020
1115
1009
1146.5
1058
1092
1062.5
1064
1050.5
1109
1112
1132.5
1083
1148
1045.5
1105.5
1070
1116
1135
1128
1099.5
1095.5
1057.5
1077
1100.5
1130.5
1077
1097.5
1048.5
1081.5
1018
1003.5
1004
1017
1135.5
1123.5
1061.5
1088
1100
1146.5
1032
1066
1170
1015.5
1027
1042
1200.5
1031.5
1099.5
1082
1008.5
1102
1092
1150
1091
1163
1109
1019
1158
1086.5
1072
1139.5
1036.5
1009.5
1034
1001
1104.5
1053
1040.5
1137.5
1033
1031.5
1144.5
1033.5
1001.5
1100.5
1108.5
1157
1020
1015.5
1104.5
1027
1101.5
1188
1012.5
1021
1140.5
1030.5
1157
1069.5
1087.5
1016.5
1036.5
1114
1105
1078.5
1098
1006
1137
1097.5
1119.5
1060
1047.5
1155.5
1010
1101.5
1044.5
1045
1110.5
1028
1003.5
1029
1049
1016.5
1043.5
1139
1085.5
1049
1072
1013
1054
1075.5
1151
1122
1109
1113.5
1148.5
1112.5
1126.5
1151
1022
1024
1151
1143.5
1113.5
1066.5
1018.5
1101
1130
1101.5
1103
1122.5
1155
1100.5
1095
1029.5
1116
1051.5
1105.5
1126
1038.5
1136
1176.5
1070.5
1119.5
1045
1097.5
1028
1137
1023.5
1130.5
1005.5
1020
1030.5
1133.5
1153
1109.5
1135
1121
1047.5
1030.5
1143
1026
1118.5
1070.5
1069.5
1016.5
1106
1054
1063
1054.5
1126
1085
1091
1108
1064
1049
1125.5
1098
1109
1072.5
1004
1046.5
1079.5
1087.5
1061
1091.5
1079
1025.5
1087.5
1083.5
1190
1105
1072
1089
1068
1076.5
1030.5
1015
1094.5
1110.5
1064
1050.5
1113
1128
1097
1074
1004
1068.5
1146
1055.5
1164
1032
1110.5
1063
1127.5
1132.5
1085
1094
1095
1058
1046
1090.5
1085
1054.5
1097
1028
1033.5
1098.5
1076
1053
1093
1146.5
1129.5
1047.5
1066.5
1070
1120
1057.5
1031.5
1018.5
1012.5
1083.5
1094.5
1118
1010
1077.5
1143.5
1046.5
1007.5
1171
1047.5
1101
1107.5
1106
1115
1078
1084.5
1037
1072
1016
1027.5
1137.5
1090
1050.5
1171
1096
1011.5
1002
1142
1006.5
1140
1108.5
1172
1058.5
1141
1119.5
1129
1170
1156
1145.5
1132
1069.5
1120.5
1056
1053
1101
1062
1006
1137.5
1024.5
1009
1028
1033
1080
1095
1036.5
1153
1101
1161.5
1125.5
1109.5
1135
1005
1146
1047.5
1170.5
1033
1150.5
1021
1008.5
1045
1091
1061.5
1131
1074.5
1093.5
1134
1073
1128
1097
1131.5
1114.5
1119.5
1118.5
1036.5
1118
1028
1149.5
1103.5
1082
1017
1106
1033
1075
1032.5
1026.5
1072.5
1027
1015.5
1171.5
1009.5
1080.5
1006.5
1020.5
1121
1146.5
1139.5
1001.5
1081
1020.5
1036.5
1085
1117
1066
1115.5
1085.5
1087.5
1009.5
1139.5
1126
1116
1111.5
1099
1152
1111
1075.5
1067.5
1147
1102
1044.5
1041
1016.5
1008.5
1115.5
1111
1024
1061.5
1113.5
1054
1126
1055
1037.5
1094
1040
1150
1019.5
1104.5
1075.5
1113
1081
1031
1024.5
1076
1013
1078
1063
1162.5
1101.5
1010.5
1112
1051
1046.5
1010
1131
1063
1034.5
1112
1084.5
1113.5
1072.5
1030
1114
1025.5
1087.5
1113.5
1023
1069.5
1023.5
1101.5
1078
1062
1076.5
1043
1050
1073.5
1048
1034.5
1076
1095.5
1051
1021.5
1048
1019.5
1114.5
1104.5
1171
1148.5
1014
1151
1135
1155
1085
1107
1050
1138
1120.5
1031
1096.5
1099
1131
1042
1028
1130.5
1081.5
1106.5
1133.5
1003.5
1055
1009
1068
1148
1037
1122.5
1092.5
1100.5
1088.5
1031.5
1097.5
1037
1011
1048.5
1195
1082
1161
1024
1095
1117.5
1003.5
1051
1038.5
1043
1181.5
1021
1031
1054
1106
1019
1020.5
1089.5
1157.5
1033
1006.5
1144.5
1123
1020.5
1029.5
1066
1068
1034
1188
1009.5
1102
1059
1114.5
1153
1048.5
1082.5
1018
1042
1002.5
1186
1116.5
1139.5
1015
1103
1031
1056
1154.5
1107
1078.5
1054
1101.5
1089
1059
1096.5
1131
1179
1096.5
1121.5
1101.5
1023
1109.5
1064.5
1134.5
1086
1056
1112.5
1057.5
1073.5
1004
1039
1103
1065.5
1043
1038
1039
1149
1007.5
1015
1112.5
1191
1026
1015.5
1085.5
1072.5
1106.5
1067.5
1136
1075
1071
1062
1155
1078.5
1077
1060
1038
1097.5
1160
1014.5
1117
1048.5
1110
1086
1163.5
1062.5
1126.5
1117.5
1093.5
1063.5
1106.5
1066
1126
1074.5
1062.5
1137
1107
1047
1135
1093.5
1123
1033.5
1007.5
1068
1064
1140.5
1113.5
1109.5
1082.5
1076.5
1100.5
1069
1095
1133
1033
1045.5
1077.5
1036
1146
1134
1141
1049
1076.5
1029.5
1118.5
1081
1072
1037
1081
1173
1037
1112
1125
1097.5
1103.5
1053.5
1018.5
1063
1089
1019
1157.5
1136.5
1154
1039
1125.5
1013
1138.5
1169
1085
1128
1051.5
1085
1074.5
1046.5
1108.5
1126
1001.5
1045.5
1041.5
1067
1120.5
1074
1038.5
1081
1125
1051.5
1113
1035.5
1054.5
1106
1134
1016
1084
1145.5
1128
1140.5
1026.5
1125
1139
1157
1112
1088
1087.5
1055.5
1087.5
1059
1060.5
1093.5
1122
1126
1035
1019
1112
1114.5
1007.5
1057.5
1116.5
1139
1134.5
1053.5
1056.5
1096.5
1149.5
1078.5
1090
1043.5
1174.5
1137
1157
1203.5
1101.5
1144
1052
1125
1171.5
1151
1146.5
1081
1099
1161.5
1075.5
1113
1135
1124
1106.5
1094.5
1035.5
1162.5
1070
1134.5
1097.5
1052.5
1003.5
1056
1027.5
1107
1126
1144.5
1038
1002.5
1160
1104.5
1163.5
1050.5
1155.5
1044.5
1123
1152.5
1043.5
1011.5
1039
1045
1096
1020
1129.5
1020.5
1109.5
1108
1007
1128
1105
1097
1022.5
1066
1073.5
1079.5
1116.5
1106.5
1013.5
1011
1040
1160
1023
1161.5
1115
1095.5
1001.5
1072.5
1072
1006
1111.5
1146.5
1036
1158.5
1142.5
1083.5
1132
1055.5
1150.5
1145.5
1102
1046.5
1174
1056.5
1038
1060.5
1062
1068.5
1163
1139.5
1149.5
1133
1026.5
1109
1088.5
1078.5
1062
1014.5
1082
1057.5
1055
1144
1077.5
1141.5
1144.5
1092
1101
1063.5
1137
1125.5
1081.5
1023.5
1030
1119
1026
1088.5
1046
1096
1120.5
1057.5
1174.5
1098.5
1097.5
1092
1058.5
1114
1058.5
1139
1064.5
1146.5
1059
1101
1023
1094
1089.5
1154.5
1094.5
1011.5
1102.5
1100.5
1044
1145.5
1150.5
1004
1166
1050.5
1115.5
1066
1196.5
1007
1019.5
1086
1137
1110
1054
1113.5
1094.5
1050
1045.5
1060
1070
1072
1125
1029
1170.5
1075
1098.5
1068.5
1049.5
1054
1131.5
1064
1115.5
1030.5
1029
1125
1046.5
1064.5
1087.5
1052.5
1062.5
1175.5
1066.5
1101.5
1152.5
1050
1022
1036
1092.5
1031
1005.5
1095
1103.5
1062
1049.5
1084
1025
1153.5
1132.5
1021.5
1057.5
1067.5
1064.5
1017
1095
1140.5
1088.5
1019
1104.5
1102.5
1064.5
1006
1037.5
1056.5
1013
1062
1026.5
1141.5
1095
1072
1065
1082
1023
1048
1058.5
1090.5
1022
1060
1097
1111.5
1163
1169
1084.5
1036.5
1086.5
1003
1145.5
1033
1137
1020
1114.5
1147
1028.5
1071.5
1068.5
1135.5
1079.5
1069
1080.5
1067
1022.5
1022.5
1041
1024
1058.5
1091.5
1101.5
1158.5
1056
1143.5
1146
1013.5
1089
1060.5
1074.5
1078.5
1121.5
1046.5
1095.5
1116.5
1110
1013
1062.5
1120
1037.5
1060
1057
1030
1036
1047.5
1034
1152
1128.5
1024
1029.5
1027
1011.5
1116
1030
1107
1049
1084
1076.5
1096.5
1032
1145
1121.5
1154.5
1087.5
1205
1026.5
1131.5
1076.5
1172
1064.5
1064
1157
1138
1031.5
1149
1093
1011
1051
1053.5
1039.5
1144.5
1042
1014
1147.5
1033
1093.5
1067
1097.5
1167.5
1053
1053
1052
1081.5
1128.5
1099.5
1048.5
1158
1160.5
1031
1050.5
1105.5
1115
1049.5
1096
1152
1122.5
1018
1171.5
1004.5
1074.5
1048.5
1079
1084
1047.5
1048
1038.5
1095
1040
1042
1100.5
1138.5
1042
1099.5
1061
1171
1080.5
1099.5
1048.5
1107.5
1142.5
1052.5
1029.5
1034.5
1094.5
1035.5
1114.5
1065
1031
1104
1134.5
1029
1056.5
1040
1026
1058
1058.5
1007
1063.5
1076
1135.5
1033
1013
1107
1113.5
1032.5
1076.5
1167.5
1036
1131.5
1110
1074.5
1001
1045
1097
1078.5
1017
1050.5
1018.5
1059.5
1035.5
1037
1119.5
1117
1061.5
1047
1050.5
1070
1024.5
1108.5
1074
1035
1013.5
1173
1011.5
1093
1170.5
1031
1124
1114
1107
1051.5
1004.5
1090
1012.5
1047
1163
1075.5
1076.5
1049.5
1003
1098
1148.5
1100
1024.5
1035.5
1082
1001.5
1139
1011
1061
1091.5
1014.5
1098
1055.5
1081.5
1181
1100.5
1029
1084
1031
1034
1076.5
1117
1174
1102.5
1145
1056.5
1088
1109.5
1091
1087.5
1111.5
1076.5
1057.5
1158.5
1034
1089.5
1066
1023.5
1009
1009
1106.5
1100
1109
1035
1112
1161
1042.5
1115
1114
1100.5
1150
1033
1092
1016.5
1023.5
1145
1022.5
1028.5
1049
1110
1142
1169.5
1047.5
1006
1145.5
1065.5
1131
1136.5
1062
1069.5
1148.5
1073.5
1061.5
1019
1010.5
1004
1018
1156
1023.5
1058.5
1141
1056.5
1066
1123.5
1090.5
1054.5
1063.5
1009
1066.5
1150
1118.5
1067
1047
1106
1111.5
1067.5
1045
1006
1050.5
1031.5
1062
1051.5
1092
1109.5
1039.5
1060.5
1101.5
1072
1039
1037.5
1085.5
1058.5
1051
1034.5
1033
1043
1001.5
1111.5
1037.5
1100.5
1003.5
1011
1111.5
1034.5
1034
1042.5
1093
1153
1051.5
1157
1085
1037
1108
1030.5
1015.5
1054
1143.5
1119
1130
1076.5
1098
1128.5
1025.5
1082.5
1071
1147.5
1053.5
1160.5
1047
1073
1142.5
1126.5
1112.5
1061
1046
1044
1071.5
1043
1058.5
1112
1021.5
1090.5
1058.5
1045.5
1020
1110.5
1101.5
1130.5
1093
1117.5
1121.5
1124
1031.5
1020.5
1155
1037.5
1160.5
1074
1181.5
1080
1119
1002.5
1167
1098
1020
1030
1139
1122
1059.5
1132
1190.5
1035.5
1091.5
1115.5
1058.5
1001
1064.5
1032.5
1015
1147
1139.5
1157
1066
1129
1129
1145.5
1172.5
1042
1108
1011
1046
1042
1052
1015.5
1106
1137
1144.5
1146.5
1161
1072
1039
1068
1056
1017.5
1023
1135
1010
1151.5
1111.5
1001.5
1071
1126.5
1118.5
1113.5
1050
1017
1113
1016.5
1033
1097.5
1058
1034.5
1117
1039
1143
1086
1080.5
1024.5
1007
1097.5
1092
1154.5
1108.5
1073
1151.5
1024
1108.5
1158
1070
1061
1116.5
1118.5
1086
1095
1029
1079.5
1038
1126
1182
1091.5
1094.5
1108
1094.5
1040.5
1098.5
1136.5
1075.5
1045.5
1089
1082.5
1002.5
1111.5
1205.5
1055
1210
1052.5
1030.5
1119.5
1102
1034
1144.5
1143.5
1039.5
1144
1051
1019.5
1041
1043
1094
1026
1050
1120.5
1090
1009
1120.5
1142.5
1044.5
1041.5
1024
1114.5
1152.5
1002
1057.5
1136
1141.5
1065
1133.5
1058.5
1051
1004.5
1016.5
1130.5
1035
1119.5
1014
1008.5
1145.5
1132.5
1067
1038.5
1179
1114
1020
1058.5
1041
1040
1086
1011.5
1019
1022
1111.5
1032.5
1084.5
1073.5
1128.5
1076
1016
1031.5
1125
1059.5
1091
1005
1100
1024.5
1109
1095
1126
1112.5
1080.5
1010
1131
1144.5
1136
1139.5
1185.5
1046.5
1112
1021.5
1126.5
1071
1163.5
1040.5
1122.5
1087.5
1151.5
1033.5
1161.5
1049.5
1131
1057.5
1086
1041
1098.5
1111.5
1053.5
1008
1101.5
1049
1044.5
1038.5
1149
1021
1068
1069.5
1078.5
1102
1071
1021
1061
1135.5
1128
1099.5
1045.5
1099.5
1128.5
1012
1105
1123
1035.5
1045
1137.5
1030
1177
1103
1024
1030
1043.5
1115
1107
1126.5
1082
1075.5
1050
1036.5
1065
1071.5
1093.5
1012.5
1059.5
1169
1179
1017
1084
1169
1070
1032.5
1142.5
1099.5
1031
1037.5
1158.5
1136.5
1051.5
1140
1096.5
1122
1001
1107.5
1119
1037.5
1116
1054.5
1064.5
1130.5
1116
1110.5
1076.5
1002.5
1128.5
1120.5
1008
1126.5
1164.5
1134
1067.5
1134
1027
1058.5
1048.5
1110
1027
1020.5
1042.5
1051
1010
1105.5
1164
1078
1076.5
1007.5
1067
1082.5
1100
1143.5
1041.5
1050.5
1045
1086.5
1145.5
1074
1097.5
1089.5
1114.5
1161.5
1100.5
1142
1071
1147.5
1119
1090.5
1119
1039.5
1050.5
1107
1054
1117
1029
1149
1158
1100
1048.5
1042
1074
1153
1022
1102.5
1059
1133.5
1101
1063
1031
1028.5
1145
1114.5
1063
1035.5
1131.5
1014
1040
1104
1151
1029.5
1088.5
1194
1111.5
1052.5
1027.5
1068
1147.5
1073.5
1026
1049.5
1183
1008
1046
1097
1045
1025
1135.5
1077.5
1071.5
1054
1167
1113
1142
1057.5
1046
1025
1064.5
1170.5
1161.5
1098.5
1052.5
1146
1063
1102
1118
1146.5
1157.5
1132.5
1095.5
1012.5
1041.5
1184.5
1022
1087.5
1061
1012
1121.5
1031.5
1039.5
1072.5
1056
1145.5
1086
1076.5
1090.5
1121.5
1065.5
1052
1012.5
1038
1003.5
1073.5
1110
1075.5
1089.5
1035
1081
1048.5
1133
1015
1071.5
1102
1023
1098
1092
1117
1112.5
1115.5
1055
1014.5
1120.5
1089
1016
1108.5
1062
1086.5
1006.5
1109.5
1031
1143
1068
1144.5
1088.5
1128
1029
1050
1047
1182.5
1122.5
1052.5
1076.5
1096.5
1097
1059
1030
1117.5
1125.5
1051.5
1111.5
1099.5
1087
1009
1045
1111
1024.5
1126.5
1030
1167.5
1087
1140.5
1011.5
1136
1049.5
1079
1085.5
1046
1070
1128.5
1075.5
1074.5
1075.5
1063.5
1015
1014.5
1040.5
1107.5
1150
1050
1089
1101.5
1063
1149
1111.5
1112.5
1060
1068.5
1025
1150
1021.5
1085.5
1098.5
1090
1047
1029.5
1075.5
1024
1124
1068
1067.5
1152
1106
1049.5
1013
1042
1145.5
1189
1079.5
1018
1100
1003.5
1095
1019.5
1080.5
1089
1021
1099
1124
1012
1020
1163.5
1080
1089.5
1033
1089
1138
1030.5
1082
1002
1055
1097
1058.5
1063
1070.5
1158.5
1062.5
1172.5
1177
1051
1026
1032.5
1110.5
1038
1140
1058
1081
1061.5
1154
1087
1057.5
1034
1100
1105.5
1020.5
1002.5
1049
1068.5
1086.5
1120
1077
1115.5
1057
1097
1082
1043.5
1012
1032
1105
1050
1053
1041
1059.5
1142.5
1022
1015.5
1036.5
1123.5
1121.5
1009.5
1131
1113
1138.5
1094.5
1131
1025.5
1115.5
1015
1116.5
1063.5
1090
1053
1132.5
1070
1010.5
1065.5
1082.5
1151
1058
1066.5
1084.5
1044.5
1056.5
1088
1027.5
1019.5
1170.5
1017.5
1116.5
1114
1059
1068.5
1165
1092.5
1109.5
1136
1008.5
1104.5
1143
1023.5
1022
1034.5
1037.5
1095.5
1087.5
1118.5
1043
1092
1052.5
1111
1181
1041
1141
1060
1041
1113.5
1045.5
1167.5
1121
1024
1036.5
1127
1027.5
1064.5
1038.5
1014.5
1154.5
1067
1150
1053.5
1171.5
1015.5
1014
1104
1141.5
1009
1095.5
1137.5
1085.5
1091
1055
1141.5
1126.5
1028.5
1088
1009.5
1136
1053.5
1042.5
1131
1124.5
1038.5
1055.5
1051
1062
1080.5
1007.5
1157
1106
1042
1100.5
1061
1152.5
1053
1028
1060
1078
1132.5
1024
1128.5
1014.5
1079.5
1095.5
1065
1001.5
1011
1010
1142
1082.5
1153.5
1200
1084
1020
1030.5
1103.5
1032.5
1080.5
1036.5
1008.5
1111
1141.5
1119.5
1018.5
1109.5
1149.5
1119.5
1057.5
1040
1032
1091.5
1115.5
1069.5
1011.5
1022.5
1091.5
1202
1007
1038.5
1061
1087.5
1032.5
1007
1125
1016.5
1077
1068
1074.5
1146
1099.5
1131.5
1125.5
1049
1034.5
1082.5
1110.5
1123
1107
1101.5
1002
1152.5
1104.5
1065
1144
1109.5
1018
1066
1021
1055.5

