2025
625
-20
245
1105
640
90
515
975
875
15
1290
1470
235
1085
1300
125
1235
105
900
635
720
1600
780
265
55
470
-55
170
990
1340
230
1110
240
620
1305
690
260
510
470
1135
1615
1175
50
1250
995
1415
935
1575
200
1675
635
60
90
645
155
1215
475
1360
1290
855
320
1010
240
775
685
-55
1180
725
975
1370
530
205
860
1210
105
140
490
475
620
520
1350
240
1430
770
780
1680
115
410
1110
880
720
195
1685
595
980
1390
700
1090
910
205
770
885
260
1820
-40
1215
675
700
850
65
1125
965
1230
530
30
660
520
1115
810
815
1425
95
-90
1125
1010
435
1010
1100
1140
1320
185
1500
905
1155
445
460
910
585
1070
610
1040
620
-95
15
275
1050
160
745
85
620
335
990
1270
340
180
1860
520
-65
1380
1435
920
660
430
610
1295
430
410
400
1050
1190
1345
1065
455
270
880
15
5
660
355
475
-10
90
1545
990
1025
610
525
170
515
370
875
1050
70
1005
-35
140
550
1015
1285
1085
550
425
1235
30
1600
365
250
365
405
495
50
670
555
20
-25
1355
775
325
35
130
10
1605
1695
700
700
280
685
810
400
535
1380
835
1725
105
515
1320
110
310
170
425
150
1450
660
1320
1030
1760
1510
660
470
620
350
340
955
1080
900
1695
1025
1625
1280
245
1230
750
110
800
515
245
770
610
-60
920
820
535
890
115
290
-80
235
290
675
860
645
1300
355
160
90
330
915
835
-75
1080
930
605
765
90
725
75
480
265
705
425
620
1505
510
1130
1130
1305
505
-45
1865
1245
120
335
140
495
90
685
1140
985
90
315
220
70
785
980
720
420
-45
1030
805
910
1075
890
1270
650
485
125
-30
315
-55
1615
795
415
745
1360
1735
750
1430
890
1565
345
1100
770
275
1020
655
465
965
595
1145
1540
460
75
1590
1330
370
1020
115
1350
650
1470
350
1000
1340
465
975
1335
1155
410
1530
790
1100
815
980
1290
510
960
840
400
1450
410
315
315
750
40
425
1530
895
830
1435
115
520
605
1200
410
820
15
1480
125
160
1360
-5
210
765
840
895
405
325
1180
1445
210
205
680
95
1465
430
790
125
925
800
235
1030
1245
260
505
1145
140
1135
1590
670
885
660
1030
940
675
1140
700
0
1910
1035
640
855
730
30
880
1000
1100
800
1550
740
755
665
175
1320
330
-25
-85
350
1445
730
430
355
700
920
615
750
985
1025
1385
830
1385
570
600
1040
1105
135
960
60
40
1200
1225
870
1215
300
195
695
830
1220
40
110
775
1320
1020
1170
730
390
200
330
835
1675
1200
610
225
335
1340
455
710
1295
1075
1265
960
755
-95
1410
1145
705
310
-20
20
215
575
1135
740
670
905
120
445
-80
210
1130
1165
620
90
210
345
890
495
1205
1245
875
1310
1160
860
690
1220
1480
965
340
600
450
960
705
555
295
1255
-20
1145
35
1760
245
1180
1235
-55
230
405
130
-10
505
395
1275
870
30
1155
390
200
1100
0
200
290
1365
345
285
145
1120
1335
55
1490
295
275
1615
220
40
990
35
1160
345
245
495
725
70
1355
-5
345
1555
1030
1235
680
60
675
350
1145
1015
1335
435
1285
1355
740
605
865
480
1225
430
1420
0
340
865
980
1295
1000
465
1420
1530
980
430
10
140
50
130
915
1055
-85
-30
1240
665
1130
685
160
1250
565
1315
640
645
170
75
865
-60
845
1070
50
1110
965
855
955
90
520
1140
800
165
1115
-10
645
1160
790
1130
500
895
35
1280
915
1200
635
990
795
1270
435
940
485
185
865
360
425
1370
1070
310
250
875
785
210
410
455
620
860
1395
650
260
1760
-35
460
380
1165
385
1035
665
1220
500
1365
175
1050
590
630
590
895
40
1565
655
85
380
1035
30
730
485
1365
735
775
980
1285
1360
1185
1725
-40
990
1460
1260
735
35
-5
520
1295
155
1525
1420
745
570
205
1670
630
1220
1400
1685
535
1195
425
-45
115
565
650
290
670
405
240
1265
250
305
750
430
340
140
1260
1030
445
350
1440
-80
620
1810
335
1545
320
545
530
465
540
-35
125
1320
1100
410
870
925
1370
1145
1170
905
1270
1120
935
1195
95
285
875
-55
320
695
1855
365
15
585
515
1370
1010
1050
615
170
755
195
780
50
1755
1135
650
505
720
1295
690
915
200
540
360
-50
110
430
1125
195
660
1325
350
-55
715
1190
115
945
305
245
115
550
1350
795
540
530
15
325
660
20
295
835
1590
520
1240
260
90
850
190
440
855
1080
1085
940
565
250
1865
1065
-40
1350
450
605
660
-80
205
1335
940
1000
1035
1445
1135
1295
885
-45
-55
1285
1075
520
1710
615
565
1680
915
590
1240
285
380
1215
695
770
940
155
745
1180
250
585
380
375
1035
5
1010
460
675
1300
1220
615
485
1065
585
255
625
135
1205
940
945
1085
1125
335
845
60
1095
85
-65
685
405
430
-40
1010
1230
1260
255
590
910
10
1715
-40
900
985
355
425
1510
230
125
55
25
1095
1485
590
155
730
1225
775
140
35
635
-60
1010
805
1735
180
920
1070
510
405
520
1415
555
1165
55
1095
1790
750
860
970
900
170
450
1420
470
300
1300
1190
1365
1455
235
420
1060
1035
720
455
885
430
805
145
615
1395
15
945
945
570
1180
1380
505
710
950
600
195
1355
135
105
825
780
415
1095
1335
855
955
-85
1705
330
540
305
475
1260
1075
50
375
915
305
180
-5
1420
440
1380
240
365
-45
765
620
510
465
840
780
1330
1320
140
680
-5
965
110
275
685
1160
-35
95
950
-50
855
15
705
205
815
965
35
195
710
265
995
630
685
-15
1040
1100
235
725
75
530
105
455
85
120
-35
940
1370
500
265
815
560
680
140
1245
190
1485
525
930
700
925
975
380
1065
1405
810
285
1600
1085
1015
330
970
550
690
940
765
1275
300
1445
600
1710
430
885
925
-5
1190
1285
540
975
365
195
1105
545
115
945
855
1040
1210
340
570
735
120
630
1035
975
670
145
1000
1215
905
250
-20
480
985
1215
555
580
1035
390
1700
875
80
1225
1440
285
520
-15
820
295
930
1350
835
70
320
10
1100
795
1335
1040
530
115
905
530
-75
140
675
215
-90
1190
350
680
255
1105
400
1075
90
950
715
1025
1030
970
930
920
-50
-15
600
350
1145
280
1215
125
1090
1135
115
1145
940
1115
1055
750
785
220
565
1175
1100
985
585
185
-80
875
785
410
1460
840
1040
950
635
280
1205
1640
580
1300
60
645
50
290
175
675
950
970
730
530
1340
595
920
980
680
140
995
-60
810
685
595
935
1325
650
410
795
40
1210
75
305
590
110
515
315
1035
1645
65
740
365
1245
705
1190
645
590
485
595
75
1325
675
480
880
20
380
820
955
525
995
1575
1010
1265
800
15
150
545
1075
110
935
450
45
270
725
565
150
1300
375
230
1260
1685
700
895
1145
1430
270
585
925
435
555
95
645
180
330
1705
465
650
240
30
265
70
525
670
975
825
930
145
1240
1040
350
1145
1040
640
440
740
-50
435
140
640
125
1650
155
160
1715
260
280
960
1125
25
455
1100
1140
280
805
130
290
1230
1080
1500
375
1260
760
295
220
805
995
5
110
85
1220
450
350
1275
1065
425
-75
400
1415
630
845
1420
905
15
890
415
470
70
175
80
1150
680
955
25
595
485
125
55
1515
285
1055
70
255
55
985
655
1150
1260
-35
-5
655
1255
320
1515
1260
1145
50
1270
-35
155
550
470
840
125
345
345
1805
95
405
325
840
670
1645
1190
885
745
50
775
1215
5
320
580
710
590
1005
830
510
25
1690
290
1140
555
90
585
1700
115
420
1215
1535
590
-20
1355
815
1110
1580
1085
945
795
145
1200
220
335
475
685
420
585
250
1500
1430
1435
1270
845
90
265
-45
1250
215
650
1530
310
1240
85
-70
1095
40
50
590
270
1120
900
1135
570
615
975
1415
-35
5
920
1185
1330
1295
610
690
390
1330
-25
265
340
1210
1080
1260
390
630
200
160
475
735
1045
1115
1265
415
180
220
-75
1395
1250
535
65
570
440
735
750
725
960
310
155
480
810
1025
970
75
1370
1075
1155
135
440
385
55
1715
855
30
975
1090
1265
1780
1415
395
675
535
-15
845
140
710
315
1555
335
235
630
1605
1215
-95
485
315
125
635
195
215
825
920
105
1110
170
480
890
975
110
625
625
425
1525
710
1305
900
645
535
110
1415
145
360
1610
1285
970
320
970
1175
675
820
385
470
1105
970
1055
920
325
1110
680
295
-60
1170
1330
140
555
1140
885
670
955
1235
385
955
1330
1090
90
170
1095
1200
855
395
1320
790
310
1015
350
435
350
135
1040
815
760
455
1250
715
1330
245
95
830
965
895
925
470
1250
895
1635
965
860
130
900
280
475
1770
225
1095
25
1600
880
450
240
455
-90
-60
275
-10
-90
1270
335
310
1005
155
250
450
435
525
220
1410
0
1385
885
1090
110
1065
630
700
775
1125
1165
105
910
1205
370
1055
460
1115
1390
110
55
135
1070
960
345
220
380
145
940
1505
850
1045
1240
530
105
1525
320
625
525
585
200
925
700
325
250
415
615
640
605
290
1255
935
1250
1410
35
400
270
140
260
875
930
1420
565
160
40
185
350
1265
140
395
1405
930
750
935
1050
745
1045
330
585
410
425
550
365
980
505
595
45
720
450
390
500
870
345
185
1780
635
165
560
-40
280
1285
1490
1165
350
920
985
1450
950
980
1325
905
860
1395
1075
1265
1330
-10
265
645
630
750
835
215
950
1500
525
910
45
1060
540
0
320
800
585
1255
450
95
170
340
265
20
735
965
1215
705
770
1095
840
925
810
375
1175
280
1280
455
620
1070
170
1000
685
530
1300
580
435
1305
1075
1255
140
445
1055
70
280
980
1110
655
390
345
1280
140
395
1200
1205
125
590
610
975
325
1110
625
1075
1570
80
90
-15
-75
295
1375
1145
975
535
475
935
1670
600
50
1095
545
145
265
500
965
1255
1080
125
670
1240
-60
60
475
1860
250
235
-80
1085
15
685
290
640
0
810
490
905
710
1275
740
-70
1545
1430
1055
1175
1650
400
330
180
135
1050
1210
580
1350
425
1140
280
330
870
180
310
1345
1160
55
365
125
70
340
1120
1020
1345
665
960
1085
240
1600
340
335
390
935
545
665

